{
	"class_name" : "PoseGraph",
	"edges" : 
	[
		{
			"class_name" : "PoseGraphEdge",
			"confidence" : 1.0,
			"information" : 
			[
				98427.337011489712,
				11786.251064047214,
				41749.947098694916,
				0.0,
				-63427.155819416046,
				17962.140219807625,
				11786.251064047214,
				110169.98572414185,
				-25576.258971935298,
				63427.155819416046,
				0.0,
				29496.441240340471,
				41749.947098694916,
				-25576.258971935298,
				27471.162052129384,
				-17962.140219807625,
				-29496.441240340471,
				0.0,
				0.0,
				63427.155819416046,
				-17962.140219807625,
				44623.0,
				0.0,
				0.0,
				-63427.155819416046,
				0.0,
				-29496.441240340471,
				0.0,
				44623.0,
				0.0,
				17962.140219807625,
				29496.441240340471,
				0.0,
				0.0,
				0.0,
				44623.0
			],
			"source_node_id" : 0,
			"target_node_id" : 1,
			"transformation" : 
			[
				0.9961601552405569,
				-0.029972350198921631,
				-0.082259366242773746,
				0.0,
				0.029216476003074903,
				0.99951923634723627,
				-0.010377557602784986,
				0.0,
				0.082530858720064951,
				0.0079343805927479718,
				0.99655692409592911,
				0.0,
				-0.089258746376083373,
				-0.0096471374467888109,
				-0.004927568086131132,
				1.0
			],
			"uncertain" : false,
			"version_major" : 1,
			"version_minor" : 0
		},
		{
			"class_name" : "PoseGraphEdge",
			"confidence" : 1.0,
			"information" : 
			[
				47656.971400231516,
				6073.3425922638489,
				20456.754693023249,
				0.0,
				-30265.028908848763,
				9004.0224732905626,
				6073.3425922638489,
				53308.317157811878,
				-12936.978184182928,
				30265.028908848763,
				0.0,
				14278.505001068115,
				20456.754693023249,
				-12936.978184182928,
				13755.645553391572,
				-9004.0224732905626,
				-14278.505001068115,
				0.0,
				0.0,
				30265.028908848763,
				-9004.0224732905626,
				21077.0,
				0.0,
				0.0,
				-30265.028908848763,
				0.0,
				-14278.505001068115,
				0.0,
				21077.0,
				0.0,
				9004.0224732905626,
				14278.505001068115,
				0.0,
				0.0,
				0.0,
				21077.0
			],
			"source_node_id" : 0,
			"target_node_id" : 5,
			"transformation" : 
			[
				0.99461112489548531,
				0.0072909056160055533,
				-0.10341930636701542,
				0.0,
				-0.013773027916000054,
				0.99797469865239807,
				-0.062103176663366018,
				0.0,
				0.10275706270695546,
				0.063192907394379813,
				0.99269715549047677,
				0.0,
				-0.17802404622105575,
				-0.11433179624429005,
				-0.074352625666998087,
				1.0
			],
			"uncertain" : true,
			"version_major" : 1,
			"version_minor" : 0
		},
		{
			"class_name" : "PoseGraphEdge",
			"confidence" : 1.0,
			"information" : 
			[
				44432.884913504313,
				6220.0782984844609,
				19940.844825575656,
				0.0,
				-28585.547226786613,
				8919.164650529623,
				6220.0782984844609,
				50286.155045979911,
				-12549.488844472055,
				28585.547226786613,
				0.0,
				14163.000690817833,
				19940.844825575656,
				-12549.488844472055,
				13949.126056445179,
				-8919.164650529623,
				-14163.000690817833,
				0.0,
				0.0,
				28585.547226786613,
				-8919.164650529623,
				20287.0,
				0.0,
				0.0,
				-28585.547226786613,
				0.0,
				-14163.000690817833,
				0.0,
				20287.0,
				0.0,
				8919.164650529623,
				14163.000690817833,
				0.0,
				0.0,
				0.0,
				20287.0
			],
			"source_node_id" : 0,
			"target_node_id" : 10,
			"transformation" : 
			[
				0.9354516186103794,
				-0.066187683414295179,
				0.3472023326584513,
				0.0,
				0.017261766928987017,
				0.98969330174743608,
				0.14215906541176965,
				0.0,
				-0.35303300219910072,
				-0.12698960209602803,
				0.92695271741215701,
				0.0,
				0.41881512986088371,
				0.12304861418935591,
				0.25311181300455604,
				1.0
			],
			"uncertain" : true,
			"version_major" : 1,
			"version_minor" : 0
		},
		{
			"class_name" : "PoseGraphEdge",
			"confidence" : 1.0,
			"information" : 
			[
				84624.489647226641,
				10334.780919586607,
				35284.13906944832,
				0.0,
				-53830.273630142212,
				15818.174038648605,
				10334.780919586607,
				93837.744576422017,
				-22727.474909064069,
				53830.273630142212,
				0.0,
				24714.311172753572,
				35284.13906944832,
				-22727.474909064069,
				23487.654932236925,
				-15818.174038648605,
				-24714.311172753572,
				0.0,
				0.0,
				53830.273630142212,
				-15818.174038648605,
				37557.0,
				0.0,
				0.0,
				-53830.273630142212,
				0.0,
				-24714.311172753572,
				0.0,
				37557.0,
				0.0,
				15818.174038648605,
				24714.311172753572,
				0.0,
				0.0,
				0.0,
				37557.0
			],
			"source_node_id" : 1,
			"target_node_id" : 2,
			"transformation" : 
			[
				0.9999443753485443,
				-0.010485981771352558,
				0.0011359555892405462,
				0.0,
				0.010498099420226179,
				0.99988165459453482,
				-0.011245742032381524,
				0.0,
				-0.0010178985081588695,
				0.011257041866613424,
				0.99993611940515537,
				0.0,
				-0.00031673059218666818,
				0.011583687692248209,
				0.011536421809014166,
				1.0
			],
			"uncertain" : false,
			"version_major" : 1,
			"version_minor" : 0
		},
		{
			"class_name" : "PoseGraphEdge",
			"confidence" : 1.0,
			"information" : 
			[
				76908.194006243953,
				9458.5721209873846,
				31720.738715607153,
				0.0,
				-48417.355405330658,
				14478.39547367394,
				9458.5721209873846,
				84809.081296755525,
				-20968.690589825528,
				48417.355405330658,
				0.0,
				22029.984588980675,
				31720.738715607153,
				-20968.690589825528,
				21216.985855559393,
				-14478.39547367394,
				-22029.984588980675,
				0.0,
				0.0,
				48417.355405330658,
				-14478.39547367394,
				33505.0,
				0.0,
				0.0,
				-48417.355405330658,
				0.0,
				-22029.984588980675,
				0.0,
				33505.0,
				0.0,
				14478.39547367394,
				22029.984588980675,
				0.0,
				0.0,
				0.0,
				33505.0
			],
			"source_node_id" : 2,
			"target_node_id" : 3,
			"transformation" : 
			[
				0.99996356418860177,
				-0.0042299839736502339,
				-0.0074146834598654583,
				0.0,
				0.0041500269256219136,
				0.99993343275842639,
				-0.010766026586803991,
				0.0,
				0.0074597300047624859,
				0.010734863181886368,
				0.99991455391984452,
				0.0,
				-0.010552786644952765,
				0.010001980141734913,
				0.01210745048789634,
				1.0
			],
			"uncertain" : false,
			"version_major" : 1,
			"version_minor" : 0
		},
		{
			"class_name" : "PoseGraphEdge",
			"confidence" : 1.0,
			"information" : 
			[
				69555.396982300823,
				8832.1922131673018,
				29321.43571409498,
				0.0,
				-43871.808629989624,
				13253.728941649199,
				8832.1922131673018,
				77225.498047837915,
				-19117.11921819035,
				43871.808629989624,
				0.0,
				20427.134619057178,
				29321.43571409498,
				-19117.11921819035,
				19845.698305595943,
				-13253.728941649199,
				-20427.134619057178,
				0.0,
				0.0,
				43871.808629989624,
				-13253.728941649199,
				30465.0,
				0.0,
				0.0,
				-43871.808629989624,
				0.0,
				-20427.134619057178,
				0.0,
				30465.0,
				0.0,
				13253.728941649199,
				20427.134619057178,
				0.0,
				0.0,
				0.0,
				30465.0
			],
			"source_node_id" : 3,
			"target_node_id" : 4,
			"transformation" : 
			[
				0.99995478347272659,
				-0.0062823081695842853,
				0.0071388804497305594,
				0.0,
				0.0063100068099193711,
				0.99997262592601255,
				-0.0038640927387654715,
				0.0,
				-0.0071144096081081571,
				0.0039089644021637511,
				0.99996705204383163,
				0.0,
				-0.003065831452339142,
				0.0024404096796289089,
				0.0030639283600237257,
				1.0
			],
			"uncertain" : false,
			"version_major" : 1,
			"version_minor" : 0
		},
		{
			"class_name" : "PoseGraphEdge",
			"confidence" : 1.0,
			"information" : 
			[
				67694.121689844265,
				8670.4944568407009,
				28398.582413764849,
				0.0,
				-42416.410523295403,
				12988.966374114156,
				8670.4944568407009,
				74907.734398021581,
				-18840.768434028036,
				42416.410523295403,
				0.0,
				19677.293228030205,
				28398.582413764849,
				-18840.768434028036,
				19319.066807849234,
				-12988.966374114156,
				-19677.293228030205,
				0.0,
				0.0,
				42416.410523295403,
				-12988.966374114156,
				29303.0,
				0.0,
				0.0,
				-42416.410523295403,
				0.0,
				-19677.293228030205,
				0.0,
				29303.0,
				0.0,
				12988.966374114156,
				19677.293228030205,
				0.0,
				0.0,
				0.0,
				29303.0
			],
			"source_node_id" : 4,
			"target_node_id" : 5,
			"transformation" : 
			[
				0.9999736069667251,
				-0.0013962303155060937,
				0.0071299306352583559,
				0.0,
				0.0014332495394732323,
				0.99998550671388264,
				-0.0051896202112843718,
				0.0,
				-0.0071225813940687024,
				0.0051997022112649002,
				0.99996111520958597,
				0.0,
				0.0082900804481871732,
				0.0078934227414537324,
				0.012390252305000984,
				1.0
			],
			"uncertain" : false,
			"version_major" : 1,
			"version_minor" : 0
		},
		{
			"class_name" : "PoseGraphEdge",
			"confidence" : 1.0,
			"information" : 
			[
				64890.608288082913,
				8348.4232109638051,
				27341.428812209255,
				0.0,
				-40724.175008773804,
				12459.807153254747,
				8348.4232109638051,
				71927.795216333339,
				-18044.158989458629,
				40724.175008773804,
				0.0,
				18964.144182145596,
				27341.428812209255,
				-18044.158989458629,
				18602.772128740522,
				-12459.807153254747,
				-18964.144182145596,
				0.0,
				0.0,
				40724.175008773804,
				-12459.807153254747,
				28166.0,
				0.0,
				0.0,
				-40724.175008773804,
				0.0,
				-18964.144182145596,
				0.0,
				28166.0,
				0.0,
				12459.807153254747,
				18964.144182145596,
				0.0,
				0.0,
				0.0,
				28166.0
			],
			"source_node_id" : 5,
			"target_node_id" : 6,
			"transformation" : 
			[
				0.99999360744184251,
				0.0035502519898477055,
				-0.00042518967399509582,
				0.0,
				-0.0035510645720895806,
				0.99999184049403611,
				-0.0019258467630803569,
				0.0,
				0.0004183489633546515,
				0.0019273443279806774,
				0.99999805516210194,
				0.0,
				-0.0022612599549387373,
				0.0053367165118218089,
				-0.00026770107626189043,
				1.0
			],
			"uncertain" : false,
			"version_major" : 1,
			"version_minor" : 0
		},
		{
			"class_name" : "PoseGraphEdge",
			"confidence" : 1.0,
			"information" : 
			[
				60917.749363598188,
				7753.5487544560829,
				25548.342453059839,
				0.0,
				-37970.232717990875,
				11551.078285068274,
				7753.5487544560829,
				67457.362788803192,
				-16874.391284048899,
				37970.232717990875,
				0.0,
				17578.504951477051,
				25548.342453059839,
				-16874.391284048899,
				17267.207330497207,
				-11551.078285068274,
				-17578.504951477051,
				0.0,
				0.0,
				37970.232717990875,
				-11551.078285068274,
				26055.0,
				0.0,
				0.0,
				-37970.232717990875,
				0.0,
				-17578.504951477051,
				0.0,
				26055.0,
				0.0,
				11551.078285068274,
				17578.504951477051,
				0.0,
				0.0,
				0.0,
				26055.0
			],
			"source_node_id" : 5,
			"target_node_id" : 10,
			"transformation" : 
			[
				0.9998466886495867,
				0.010560255790867543,
				-0.013967111157551048,
				0.0,
				-0.010553228864300348,
				0.99994414682079891,
				0.00057671428154814795,
				0.0,
				0.013972421300320035,
				-0.0004292277440840747,
				0.99990228882953813,
				0.0,
				-0.015311118679410941,
				0.004080927384116269,
				0.0071806278403462181,
				1.0
			],
			"uncertain" : true,
			"version_major" : 1,
			"version_minor" : 0
		},
		{
			"class_name" : "PoseGraphEdge",
			"confidence" : 1.0,
			"information" : 
			[
				58455.780748092817,
				7682.3678614696064,
				24806.931937581245,
				0.0,
				-36705.561472177505,
				11396.781456068158,
				7682.3678614696064,
				64863.540204037658,
				-16452.233077631026,
				36705.561472177505,
				0.0,
				17253.023835361004,
				24806.931937581245,
				-16452.233077631026,
				17069.562817976072,
				-11396.781456068158,
				-17253.023835361004,
				0.0,
				0.0,
				36705.561472177505,
				-11396.781456068158,
				25459.0,
				0.0,
				0.0,
				-36705.561472177505,
				0.0,
				-17253.023835361004,
				0.0,
				25459.0,
				0.0,
				11396.781456068158,
				17253.023835361004,
				0.0,
				0.0,
				0.0,
				25459.0
			],
			"source_node_id" : 6,
			"target_node_id" : 7,
			"transformation" : 
			[
				0.99999037507402821,
				-0.0032453965275132052,
				0.0029524838159324246,
				0.0,
				0.0032791102573033956,
				0.99992865126072406,
				-0.011486506162847951,
				0.0,
				-0.0029149948927202555,
				0.011496077126041801,
				0.99992966903452118,
				0.0,
				-0.00051958639036594383,
				-0.0065070571074111495,
				0.0049555345633899173,
				1.0
			],
			"uncertain" : false,
			"version_major" : 1,
			"version_minor" : 0
		},
		{
			"class_name" : "PoseGraphEdge",
			"confidence" : 1.0,
			"information" : 
			[
				56868.188633466787,
				7518.2142251503064,
				24169.063728292862,
				0.0,
				-35683.67973446846,
				11127.602700851858,
				7518.2142251503064,
				63100.637802682111,
				-16062.723195589631,
				35683.67973446846,
				0.0,
				16800.537533402443,
				24169.063728292862,
				-16062.723195589631,
				16669.164435443254,
				-11127.602700851858,
				-16800.537533402443,
				0.0,
				0.0,
				35683.67973446846,
				-11127.602700851858,
				24742.0,
				0.0,
				0.0,
				-35683.67973446846,
				0.0,
				-16800.537533402443,
				0.0,
				24742.0,
				0.0,
				11127.602700851858,
				16800.537533402443,
				0.0,
				0.0,
				0.0,
				24742.0
			],
			"source_node_id" : 7,
			"target_node_id" : 8,
			"transformation" : 
			[
				0.99998486860818014,
				-0.00037311428117662714,
				-0.0054884734137762726,
				0.0,
				0.00034705751400003021,
				0.99998866924032803,
				-0.0047477301987428116,
				0.0,
				0.0054901826711433741,
				0.0047457535430383002,
				0.99997366751207317,
				0.0,
				-0.0087905980256635947,
				-0.0031549433466850599,
				-0.0006962315670586089,
				1.0
			],
			"uncertain" : false,
			"version_major" : 1,
			"version_minor" : 0
		},
		{
			"class_name" : "PoseGraphEdge",
			"confidence" : 1.0,
			"information" : 
			[
				56810.77543427566,
				7506.9757121633893,
				24204.007730324545,
				0.0,
				-35654.115280508995,
				11082.026490628719,
				7506.9757121633893,
				63119.994243667286,
				-16010.968627413835,
				35654.115280508995,
				0.0,
				16823.106866240501,
				24204.007730324545,
				-16010.968627413835,
				16687.674616271066,
				-11082.026490628719,
				-16823.106866240501,
				0.0,
				0.0,
				35654.115280508995,
				-11082.026490628719,
				24714.0,
				0.0,
				0.0,
				-35654.115280508995,
				0.0,
				-16823.106866240501,
				0.0,
				24714.0,
				0.0,
				11082.026490628719,
				16823.106866240501,
				0.0,
				0.0,
				0.0,
				24714.0
			],
			"source_node_id" : 8,
			"target_node_id" : 9,
			"transformation" : 
			[
				0.9999985989002339,
				-0.0012864834384541395,
				0.0010710545886806555,
				0.0,
				0.0012874577700836259,
				0.99999875762872314,
				-0.00090950178737778846,
				0.0,
				-0.001069883199046492,
				0.00091087945062740894,
				0.99999901282379555,
				0.0,
				-0.0013560373205080056,
				-0.0042954113297516529,
				0.00097006504811806161,
				1.0
			],
			"uncertain" : false,
			"version_major" : 1,
			"version_minor" : 0
		},
		{
			"class_name" : "PoseGraphEdge",
			"confidence" : 1.0,
			"information" : 
			[
				57630.951986799555,
				7582.1368546583644,
				24178.211994487538,
				0.0,
				-35891.553722858429,
				11280.678840994835,
				7582.1368546583644,
				63590.708953579211,
				-16398.663581622335,
				35891.553722858429,
				0.0,
				16709.369992256165,
				24178.211994487538,
				-16398.663581622335,
				16691.152881804846,
				-11280.678840994835,
				-16709.369992256165,
				0.0,
				0.0,
				35891.553722858429,
				-11280.678840994835,
				24740.0,
				0.0,
				0.0,
				-35891.553722858429,
				0.0,
				-16709.369992256165,
				0.0,
				24740.0,
				0.0,
				11280.678840994835,
				16709.369992256165,
				0.0,
				0.0,
				0.0,
				24740.0
			],
			"source_node_id" : 9,
			"target_node_id" : 10,
			"transformation" : 
			[
				0.99998912474225699,
				0.0018289497929902779,
				-0.0042901445045412084,
				0.0,
				-0.0018440472117559556,
				0.99999211232092167,
				-0.0035177813777622653,
				0.0,
				0.0042836768197355019,
				0.0035256543499947385,
				0.99998460981872495,
				0.0,
				-0.00056853205389614922,
				0.0027853537327248313,
				0.0092647218199799868,
				1.0
			],
			"uncertain" : false,
			"version_major" : 1,
			"version_minor" : 0
		},
		{
			"class_name" : "PoseGraphEdge",
			"confidence" : 1.0,
			"information" : 
			[
				50988.362189395106,
				6774.0390896198751,
				21419.905504820214,
				0.0,
				-31793.655144810677,
				10075.354733988643,
				6774.0390896198751,
				56235.219461240355,
				-14611.194768756804,
				31793.655144810677,
				0.0,
				14834.801450133324,
				21419.905504820214,
				-14611.194768756804,
				14861.329971090714,
				-10075.354733988643,
				-14834.801450133324,
				0.0,
				0.0,
				31793.655144810677,
				-10075.354733988643,
				21966.0,
				0.0,
				0.0,
				-31793.655144810677,
				0.0,
				-14834.801450133324,
				0.0,
				21966.0,
				0.0,
				10075.354733988643,
				14834.801450133324,
				0.0,
				0.0,
				0.0,
				21966.0
			],
			"source_node_id" : 10,
			"target_node_id" : 11,
			"transformation" : 
			[
				0.99998210474763105,
				-0.0030058279810257866,
				-0.0051725412174253825,
				0.0,
				0.002975438218100764,
				0.99997832761673278,
				-0.0058729093514951888,
				0.0,
				0.0051900820713884112,
				0.0058574136774771843,
				0.99996937640764938,
				0.0,
				-0.0054817594863331397,
				-0.0010573359924091431,
				0.0014304751972688829,
				1.0
			],
			"uncertain" : false,
			"version_major" : 1,
			"version_minor" : 0
		}
	],
	"nodes" : 
	[
		{
			"class_name" : "PoseGraphNode",
			"pose" : 
			[
				1.0,
				0.0,
				0.0,
				0.0,
				0.0,
				1.0,
				0.0,
				0.0,
				0.0,
				0.0,
				1.0,
				0.0,
				0.0,
				0.0,
				0.0,
				1.0
			],
			"version_major" : 1,
			"version_minor" : 0
		},
		{
			"class_name" : "PoseGraphNode",
			"pose" : 
			[
				0.9961601552405569,
				0.029216476003074924,
				0.082530858720064951,
				0.0,
				-0.029972350198921624,
				0.99951923634723661,
				0.0079343805927479614,
				0.0,
				-0.082259366242773621,
				-0.010377557602784988,
				0.99655692409592767,
				0.0,
				0.08822152063672116,
				0.012199189353657101,
				0.012353747142016116,
				1.0
			],
			"version_major" : 1,
			"version_minor" : 0
		},
		{
			"class_name" : "PoseGraphNode",
			"pose" : 
			[
				0.99587382315306172,
				0.039718466462784492,
				0.081595170079782203,
				0.0,
				-0.041340517467900774,
				0.99897776380274117,
				0.018286307532158264,
				0.0,
				-0.080785456450960927,
				-0.021584041547382676,
				0.99649778683973445,
				0.0,
				0.089947795087507748,
				0.00088892558730304663,
				0.00067174915232586744,
				1.0
			],
			"version_major" : 1,
			"version_minor" : 0
		},
		{
			"class_name" : "PoseGraphNode",
			"pose" : 
			[
				0.99506333572821903,
				0.043701792783755369,
				0.089101690202350675,
				0.0,
				-0.046417516677490188,
				0.99851155439909101,
				0.028637211404119615,
				0.0,
				-0.087717569704848022,
				-0.032631718296697684,
				0.9956107667789047,
				0.0,
				0.1019747893798196,
				-0.0082419045422283659,
				-0.010728716605034815,
				1.0
			],
			"version_major" : 1,
			"version_minor" : 0
		},
		{
			"class_name" : "PoseGraphNode",
			"pose" : 
			[
				0.99534950629413343,
				0.050232586858670589,
				0.082195179527214793,
				0.0,
				-0.053010425421674098,
				0.99808211671488944,
				0.03196847025644356,
				0.0,
				-0.08043167980738733,
				-0.036177002521078354,
				0.99610339291257821,
				0.0,
				0.10540216726241289,
				-0.010412785412195241,
				-0.01360672563772708,
				1.0
			],
			"version_major" : 1,
			"version_minor" : 0
		},
		{
			"class_name" : "PoseGraphNode",
			"pose" : 
			[
				0.99582014001976049,
				0.05191943544752204,
				0.075144001449451381,
				0.0,
				-0.054817615064973374,
				0.99780940532459894,
				0.037032684541589048,
				0.0,
				-0.073056675325482448,
				-0.040997108051410686,
				0.99648480135012918,
				0.0,
				0.098484627438957445,
				-0.01821136864797291,
				-0.026868688196106268,
				1.0
			],
			"version_major" : 1,
			"version_minor" : 0
		},
		{
			"class_name" : "PoseGraphNode",
			"pose" : 
			[
				0.99597787188799602,
				0.048358666822911636,
				0.075428894016610376,
				0.0,
				-0.051422560715490437,
				0.9979065752281483,
				0.039219731843650817,
				0.0,
				-0.073374375356251645,
				-0.0429407319399287,
				0.99637959361959094,
				0.0,
				0.10099157754626049,
				-0.023439056908643438,
				-0.026640696559563071,
				1.0
			],
			"version_major" : 1,
			"version_minor" : 0
		},
		{
			"class_name" : "PoseGraphNode",
			"pose" : 
			[
				0.99601355135783087,
				0.051755619075279098,
				0.072652332417454765,
				0.0,
				-0.055494752385688975,
				0.99718478283647904,
				0.050426593549578409,
				0.0,
				-0.069837940757247446,
				-0.05425739372194293,
				0.9960817221780992,
				0.0,
				0.10149406943848926,
				-0.016654552674880061,
				-0.031210936074665831,
				1.0
			],
			"version_major" : 1,
			"version_minor" : 0
		},
		{
			"class_name" : "PoseGraphNode",
			"pose" : 
			[
				0.99559579736359072,
				0.051803033409664252,
				0.078137404624887996,
				0.0,
				-0.056197184123030888,
				0.99689668099625572,
				0.055126072917362441,
				0.0,
				-0.075039221535130651,
				-0.059274388636285556,
				0.99541733061223858,
				0.0,
				0.11001640828220097,
				-0.013095289181110806,
				-0.029657100954890849,
				1.0
			],
			"version_major" : 1,
			"version_minor" : 0
		},
		{
			"class_name" : "PoseGraphNode",
			"pose" : 
			[
				0.99560233413558563,
				0.053149839878901164,
				0.077143287359438539,
				0.0,
				-0.057546283494853669,
				0.99677480691335196,
				0.055932187144592194,
				0.0,
				-0.073921698571553909,
				-0.060125525558575699,
				0.99544990012385925,
				0.0,
				0.11119100610164659,
				-0.0086833325449852602,
				-0.03027789118310888,
				1.0
			],
			"version_major" : 1,
			"version_minor" : 0
		},
		{
			"class_name" : "PoseGraphNode",
			"pose" : 
			[
				0.9953809681005712,
				0.051053603737146652,
				0.081303492474922551,
				0.0,
				-0.05598554526344722,
				0.99665217124147465,
				0.059582449439469991,
				0.0,
				-0.077989403541275343,
				-0.063859056562894215,
				0.99490686691276464,
				0.0,
				0.1126354017640442,
				-0.010838699385447952,
				-0.0396151610982289,
				1.0
			],
			"version_major" : 1,
			"version_minor" : 0
		},
		{
			"class_name" : "PoseGraphNode",
			"pose" : 
			[
				0.99479180257082833,
				0.053686733335925572,
				0.0866429697182617,
				0.0,
				-0.059433092087951132,
				0.99610306415164929,
				0.065164354923224393,
				0.0,
				-0.082806866277788369,
				-0.069974425695478695,
				0.99410593130000047,
				0.0,
				0.1181442235856825,
				-0.0093910893234164083,
				-0.040493348437351855,
				1.0
			],
			"version_major" : 1,
			"version_minor" : 0
		}
	],
	"version_major" : 1,
	"version_minor" : 0
}