{
	"class_name" : "PoseGraph",
	"edges" : 
	[
		{
			"class_name" : "PoseGraphEdge",
			"confidence" : 1.0,
			"information" : 
			[
				98427.337011489712,
				11786.251064047214,
				41749.947098694916,
				0.0,
				-63427.155819416046,
				17962.140219807625,
				11786.251064047214,
				110169.98572414185,
				-25576.258971935298,
				63427.155819416046,
				0.0,
				29496.441240340471,
				41749.947098694916,
				-25576.258971935298,
				27471.162052129384,
				-17962.140219807625,
				-29496.441240340471,
				0.0,
				0.0,
				63427.155819416046,
				-17962.140219807625,
				44623.0,
				0.0,
				0.0,
				-63427.155819416046,
				0.0,
				-29496.441240340471,
				0.0,
				44623.0,
				0.0,
				17962.140219807625,
				29496.441240340471,
				0.0,
				0.0,
				0.0,
				44623.0
			],
			"source_node_id" : 0,
			"target_node_id" : 1,
			"transformation" : 
			[
				0.9961601552405569,
				-0.029972350198921631,
				-0.082259366242773746,
				0.0,
				0.029216476003074903,
				0.99951923634723627,
				-0.010377557602784986,
				0.0,
				0.082530858720064951,
				0.0079343805927479718,
				0.99655692409592911,
				0.0,
				-0.089258746376083373,
				-0.0096471374467888109,
				-0.004927568086131132,
				1.0
			],
			"uncertain" : false,
			"version_major" : 1,
			"version_minor" : 0
		},
		{
			"class_name" : "PoseGraphEdge",
			"confidence" : 1.0,
			"information" : 
			[
				84624.489647226641,
				10334.780919586607,
				35284.13906944832,
				0.0,
				-53830.273630142212,
				15818.174038648605,
				10334.780919586607,
				93837.744576422017,
				-22727.474909064069,
				53830.273630142212,
				0.0,
				24714.311172753572,
				35284.13906944832,
				-22727.474909064069,
				23487.654932236925,
				-15818.174038648605,
				-24714.311172753572,
				0.0,
				0.0,
				53830.273630142212,
				-15818.174038648605,
				37557.0,
				0.0,
				0.0,
				-53830.273630142212,
				0.0,
				-24714.311172753572,
				0.0,
				37557.0,
				0.0,
				15818.174038648605,
				24714.311172753572,
				0.0,
				0.0,
				0.0,
				37557.0
			],
			"source_node_id" : 1,
			"target_node_id" : 2,
			"transformation" : 
			[
				0.9999443753485443,
				-0.010485981771352558,
				0.0011359555892405462,
				0.0,
				0.010498099420226179,
				0.99988165459453482,
				-0.011245742032381524,
				0.0,
				-0.0010178985081588695,
				0.011257041866613424,
				0.99993611940515537,
				0.0,
				-0.00031673059218666818,
				0.011583687692248209,
				0.011536421809014166,
				1.0
			],
			"uncertain" : false,
			"version_major" : 1,
			"version_minor" : 0
		},
		{
			"class_name" : "PoseGraphEdge",
			"confidence" : 1.0,
			"information" : 
			[
				76908.194006243953,
				9458.5721209873846,
				31720.738715607153,
				0.0,
				-48417.355405330658,
				14478.39547367394,
				9458.5721209873846,
				84809.081296755525,
				-20968.690589825528,
				48417.355405330658,
				0.0,
				22029.984588980675,
				31720.738715607153,
				-20968.690589825528,
				21216.985855559393,
				-14478.39547367394,
				-22029.984588980675,
				0.0,
				0.0,
				48417.355405330658,
				-14478.39547367394,
				33505.0,
				0.0,
				0.0,
				-48417.355405330658,
				0.0,
				-22029.984588980675,
				0.0,
				33505.0,
				0.0,
				14478.39547367394,
				22029.984588980675,
				0.0,
				0.0,
				0.0,
				33505.0
			],
			"source_node_id" : 2,
			"target_node_id" : 3,
			"transformation" : 
			[
				0.99996356418860177,
				-0.0042299839736502339,
				-0.0074146834598654583,
				0.0,
				0.0041500269256219136,
				0.99993343275842639,
				-0.010766026586803991,
				0.0,
				0.0074597300047624859,
				0.010734863181886368,
				0.99991455391984452,
				0.0,
				-0.010552786644952765,
				0.010001980141734913,
				0.01210745048789634,
				1.0
			],
			"uncertain" : false,
			"version_major" : 1,
			"version_minor" : 0
		},
		{
			"class_name" : "PoseGraphEdge",
			"confidence" : 1.0,
			"information" : 
			[
				69555.396982300823,
				8832.1922131673018,
				29321.43571409498,
				0.0,
				-43871.808629989624,
				13253.728941649199,
				8832.1922131673018,
				77225.498047837915,
				-19117.11921819035,
				43871.808629989624,
				0.0,
				20427.134619057178,
				29321.43571409498,
				-19117.11921819035,
				19845.698305595943,
				-13253.728941649199,
				-20427.134619057178,
				0.0,
				0.0,
				43871.808629989624,
				-13253.728941649199,
				30465.0,
				0.0,
				0.0,
				-43871.808629989624,
				0.0,
				-20427.134619057178,
				0.0,
				30465.0,
				0.0,
				13253.728941649199,
				20427.134619057178,
				0.0,
				0.0,
				0.0,
				30465.0
			],
			"source_node_id" : 3,
			"target_node_id" : 4,
			"transformation" : 
			[
				0.99995478347272659,
				-0.0062823081695842853,
				0.0071388804497305594,
				0.0,
				0.0063100068099193711,
				0.99997262592601255,
				-0.0038640927387654715,
				0.0,
				-0.0071144096081081571,
				0.0039089644021637511,
				0.99996705204383163,
				0.0,
				-0.003065831452339142,
				0.0024404096796289089,
				0.0030639283600237257,
				1.0
			],
			"uncertain" : false,
			"version_major" : 1,
			"version_minor" : 0
		},
		{
			"class_name" : "PoseGraphEdge",
			"confidence" : 1.0,
			"information" : 
			[
				67694.121689844265,
				8670.4944568407009,
				28398.582413764849,
				0.0,
				-42416.410523295403,
				12988.966374114156,
				8670.4944568407009,
				74907.734398021581,
				-18840.768434028036,
				42416.410523295403,
				0.0,
				19677.293228030205,
				28398.582413764849,
				-18840.768434028036,
				19319.066807849234,
				-12988.966374114156,
				-19677.293228030205,
				0.0,
				0.0,
				42416.410523295403,
				-12988.966374114156,
				29303.0,
				0.0,
				0.0,
				-42416.410523295403,
				0.0,
				-19677.293228030205,
				0.0,
				29303.0,
				0.0,
				12988.966374114156,
				19677.293228030205,
				0.0,
				0.0,
				0.0,
				29303.0
			],
			"source_node_id" : 4,
			"target_node_id" : 5,
			"transformation" : 
			[
				0.9999736069667251,
				-0.0013962303155060937,
				0.0071299306352583559,
				0.0,
				0.0014332495394732323,
				0.99998550671388264,
				-0.0051896202112843718,
				0.0,
				-0.0071225813940687024,
				0.0051997022112649002,
				0.99996111520958597,
				0.0,
				0.0082900804481871732,
				0.0078934227414537324,
				0.012390252305000984,
				1.0
			],
			"uncertain" : false,
			"version_major" : 1,
			"version_minor" : 0
		},
		{
			"class_name" : "PoseGraphEdge",
			"confidence" : 1.0,
			"information" : 
			[
				64890.608288082913,
				8348.4232109638051,
				27341.428812209255,
				0.0,
				-40724.175008773804,
				12459.807153254747,
				8348.4232109638051,
				71927.795216333339,
				-18044.158989458629,
				40724.175008773804,
				0.0,
				18964.144182145596,
				27341.428812209255,
				-18044.158989458629,
				18602.772128740522,
				-12459.807153254747,
				-18964.144182145596,
				0.0,
				0.0,
				40724.175008773804,
				-12459.807153254747,
				28166.0,
				0.0,
				0.0,
				-40724.175008773804,
				0.0,
				-18964.144182145596,
				0.0,
				28166.0,
				0.0,
				12459.807153254747,
				18964.144182145596,
				0.0,
				0.0,
				0.0,
				28166.0
			],
			"source_node_id" : 5,
			"target_node_id" : 6,
			"transformation" : 
			[
				0.99999360744184251,
				0.0035502519898477055,
				-0.00042518967399509582,
				0.0,
				-0.0035510645720895806,
				0.99999184049403611,
				-0.0019258467630803569,
				0.0,
				0.0004183489633546515,
				0.0019273443279806774,
				0.99999805516210194,
				0.0,
				-0.0022612599549387373,
				0.0053367165118218089,
				-0.00026770107626189043,
				1.0
			],
			"uncertain" : false,
			"version_major" : 1,
			"version_minor" : 0
		},
		{
			"class_name" : "PoseGraphEdge",
			"confidence" : 0.89176667547842281,
			"information" : 
			[
				60917.749363598188,
				7753.5487544560829,
				25548.342453059839,
				0.0,
				-37970.232717990875,
				11551.078285068274,
				7753.5487544560829,
				67457.362788803192,
				-16874.391284048899,
				37970.232717990875,
				0.0,
				17578.504951477051,
				25548.342453059839,
				-16874.391284048899,
				17267.207330497207,
				-11551.078285068274,
				-17578.504951477051,
				0.0,
				0.0,
				37970.232717990875,
				-11551.078285068274,
				26055.0,
				0.0,
				0.0,
				-37970.232717990875,
				0.0,
				-17578.504951477051,
				0.0,
				26055.0,
				0.0,
				11551.078285068274,
				17578.504951477051,
				0.0,
				0.0,
				0.0,
				26055.0
			],
			"source_node_id" : 5,
			"target_node_id" : 10,
			"transformation" : 
			[
				0.9998466886495867,
				0.010560255790867543,
				-0.013967111157551048,
				0.0,
				-0.010553228864300348,
				0.99994414682079891,
				0.00057671428154814795,
				0.0,
				0.013972421300320035,
				-0.0004292277440840747,
				0.99990228882953813,
				0.0,
				-0.015311118679410941,
				0.004080927384116269,
				0.0071806278403462181,
				1.0
			],
			"uncertain" : true,
			"version_major" : 1,
			"version_minor" : 0
		},
		{
			"class_name" : "PoseGraphEdge",
			"confidence" : 1.0,
			"information" : 
			[
				58455.780748092817,
				7682.3678614696064,
				24806.931937581245,
				0.0,
				-36705.561472177505,
				11396.781456068158,
				7682.3678614696064,
				64863.540204037658,
				-16452.233077631026,
				36705.561472177505,
				0.0,
				17253.023835361004,
				24806.931937581245,
				-16452.233077631026,
				17069.562817976072,
				-11396.781456068158,
				-17253.023835361004,
				0.0,
				0.0,
				36705.561472177505,
				-11396.781456068158,
				25459.0,
				0.0,
				0.0,
				-36705.561472177505,
				0.0,
				-17253.023835361004,
				0.0,
				25459.0,
				0.0,
				11396.781456068158,
				17253.023835361004,
				0.0,
				0.0,
				0.0,
				25459.0
			],
			"source_node_id" : 6,
			"target_node_id" : 7,
			"transformation" : 
			[
				0.99999037507402821,
				-0.0032453965275132052,
				0.0029524838159324246,
				0.0,
				0.0032791102573033956,
				0.99992865126072406,
				-0.011486506162847951,
				0.0,
				-0.0029149948927202555,
				0.011496077126041801,
				0.99992966903452118,
				0.0,
				-0.00051958639036594383,
				-0.0065070571074111495,
				0.0049555345633899173,
				1.0
			],
			"uncertain" : false,
			"version_major" : 1,
			"version_minor" : 0
		},
		{
			"class_name" : "PoseGraphEdge",
			"confidence" : 1.0,
			"information" : 
			[
				56868.188633466787,
				7518.2142251503064,
				24169.063728292862,
				0.0,
				-35683.67973446846,
				11127.602700851858,
				7518.2142251503064,
				63100.637802682111,
				-16062.723195589631,
				35683.67973446846,
				0.0,
				16800.537533402443,
				24169.063728292862,
				-16062.723195589631,
				16669.164435443254,
				-11127.602700851858,
				-16800.537533402443,
				0.0,
				0.0,
				35683.67973446846,
				-11127.602700851858,
				24742.0,
				0.0,
				0.0,
				-35683.67973446846,
				0.0,
				-16800.537533402443,
				0.0,
				24742.0,
				0.0,
				11127.602700851858,
				16800.537533402443,
				0.0,
				0.0,
				0.0,
				24742.0
			],
			"source_node_id" : 7,
			"target_node_id" : 8,
			"transformation" : 
			[
				0.99998486860818014,
				-0.00037311428117662714,
				-0.0054884734137762726,
				0.0,
				0.00034705751400003021,
				0.99998866924032803,
				-0.0047477301987428116,
				0.0,
				0.0054901826711433741,
				0.0047457535430383002,
				0.99997366751207317,
				0.0,
				-0.0087905980256635947,
				-0.0031549433466850599,
				-0.0006962315670586089,
				1.0
			],
			"uncertain" : false,
			"version_major" : 1,
			"version_minor" : 0
		},
		{
			"class_name" : "PoseGraphEdge",
			"confidence" : 1.0,
			"information" : 
			[
				56810.77543427566,
				7506.9757121633893,
				24204.007730324545,
				0.0,
				-35654.115280508995,
				11082.026490628719,
				7506.9757121633893,
				63119.994243667286,
				-16010.968627413835,
				35654.115280508995,
				0.0,
				16823.106866240501,
				24204.007730324545,
				-16010.968627413835,
				16687.674616271066,
				-11082.026490628719,
				-16823.106866240501,
				0.0,
				0.0,
				35654.115280508995,
				-11082.026490628719,
				24714.0,
				0.0,
				0.0,
				-35654.115280508995,
				0.0,
				-16823.106866240501,
				0.0,
				24714.0,
				0.0,
				11082.026490628719,
				16823.106866240501,
				0.0,
				0.0,
				0.0,
				24714.0
			],
			"source_node_id" : 8,
			"target_node_id" : 9,
			"transformation" : 
			[
				0.9999985989002339,
				-0.0012864834384541395,
				0.0010710545886806555,
				0.0,
				0.0012874577700836259,
				0.99999875762872314,
				-0.00090950178737778846,
				0.0,
				-0.001069883199046492,
				0.00091087945062740894,
				0.99999901282379555,
				0.0,
				-0.0013560373205080056,
				-0.0042954113297516529,
				0.00097006504811806161,
				1.0
			],
			"uncertain" : false,
			"version_major" : 1,
			"version_minor" : 0
		},
		{
			"class_name" : "PoseGraphEdge",
			"confidence" : 1.0,
			"information" : 
			[
				57630.951986799555,
				7582.1368546583644,
				24178.211994487538,
				0.0,
				-35891.553722858429,
				11280.678840994835,
				7582.1368546583644,
				63590.708953579211,
				-16398.663581622335,
				35891.553722858429,
				0.0,
				16709.369992256165,
				24178.211994487538,
				-16398.663581622335,
				16691.152881804846,
				-11280.678840994835,
				-16709.369992256165,
				0.0,
				0.0,
				35891.553722858429,
				-11280.678840994835,
				24740.0,
				0.0,
				0.0,
				-35891.553722858429,
				0.0,
				-16709.369992256165,
				0.0,
				24740.0,
				0.0,
				11280.678840994835,
				16709.369992256165,
				0.0,
				0.0,
				0.0,
				24740.0
			],
			"source_node_id" : 9,
			"target_node_id" : 10,
			"transformation" : 
			[
				0.99998912474225699,
				0.0018289497929902779,
				-0.0042901445045412084,
				0.0,
				-0.0018440472117559556,
				0.99999211232092167,
				-0.0035177813777622653,
				0.0,
				0.0042836768197355019,
				0.0035256543499947385,
				0.99998460981872495,
				0.0,
				-0.00056853205389614922,
				0.0027853537327248313,
				0.0092647218199799868,
				1.0
			],
			"uncertain" : false,
			"version_major" : 1,
			"version_minor" : 0
		},
		{
			"class_name" : "PoseGraphEdge",
			"confidence" : 1.0,
			"information" : 
			[
				50988.362189395106,
				6774.0390896198751,
				21419.905504820214,
				0.0,
				-31793.655144810677,
				10075.354733988643,
				6774.0390896198751,
				56235.219461240355,
				-14611.194768756804,
				31793.655144810677,
				0.0,
				14834.801450133324,
				21419.905504820214,
				-14611.194768756804,
				14861.329971090714,
				-10075.354733988643,
				-14834.801450133324,
				0.0,
				0.0,
				31793.655144810677,
				-10075.354733988643,
				21966.0,
				0.0,
				0.0,
				-31793.655144810677,
				0.0,
				-14834.801450133324,
				0.0,
				21966.0,
				0.0,
				10075.354733988643,
				14834.801450133324,
				0.0,
				0.0,
				0.0,
				21966.0
			],
			"source_node_id" : 10,
			"target_node_id" : 11,
			"transformation" : 
			[
				0.99998210474763105,
				-0.0030058279810257866,
				-0.0051725412174253825,
				0.0,
				0.002975438218100764,
				0.99997832761673278,
				-0.0058729093514951888,
				0.0,
				0.0051900820713884112,
				0.0058574136774771843,
				0.99996937640764938,
				0.0,
				-0.0054817594863331397,
				-0.0010573359924091431,
				0.0014304751972688829,
				1.0
			],
			"uncertain" : false,
			"version_major" : 1,
			"version_minor" : 0
		}
	],
	"nodes" : 
	[
		{
			"class_name" : "PoseGraphNode",
			"pose" : 
			[
				1.0000000000000002,
				-5.4210108624275222e-20,
				4.3368086899420177e-19,
				0.0,
				3.8285889215894375e-19,
				1.0000000000000002,
				0.0,
				0.0,
				-4.3368086899420177e-19,
				-8.6736173798840355e-19,
				1.0000000000000002,
				0.0,
				-2.1684043449710089e-19,
				8.6736173798840355e-19,
				0.0,
				1.0
			],
			"version_major" : 1,
			"version_minor" : 0
		},
		{
			"class_name" : "PoseGraphNode",
			"pose" : 
			[
				0.99616045431226619,
				0.029216448115392386,
				0.082527258671908604,
				0.0,
				-0.029972334479079474,
				0.99951923202158299,
				0.0079349848682966993,
				0.0,
				-0.082255750134891545,
				-0.010378052731919371,
				0.99655721741967129,
				0.0,
				0.088216388988340472,
				0.012199898998080952,
				0.012350843879606468,
				1.0
			],
			"version_major" : 1,
			"version_minor" : 0
		},
		{
			"class_name" : "PoseGraphNode",
			"pose" : 
			[
				0.99587480139524964,
				0.039718809385837335,
				0.081583062745545651,
				0.0,
				-0.04134076860222978,
				0.99897771497171173,
				0.018288407291907796,
				0.0,
				-0.0807732678387411,
				-0.021585670498488925,
				0.99649873960370883,
				0.0,
				0.089930817342349686,
				0.00089153417364827743,
				0.00066163659370780965,
				1.0
			],
			"version_major" : 1,
			"version_minor" : 0
		},
		{
			"class_name" : "PoseGraphNode",
			"pose" : 
			[
				0.99506560975610647,
				0.043702876948249494,
				0.089075758919891557,
				0.0,
				-0.046418144601931194,
				0.99851139728055449,
				0.028641671608832655,
				0.0,
				-0.087691437053013757,
				-0.032635073881947557,
				0.99561295884510048,
				0.0,
				0.10193829838888996,
				-0.0082362253356721947,
				-0.010750830940571965,
				1.0
			],
			"version_major" : 1,
			"version_minor" : 0
		},
		{
			"class_name" : "PoseGraphNode",
			"pose" : 
			[
				0.99535291120598535,
				0.050234291034807844,
				0.082152895006819479,
				0.0,
				-0.053011196951524252,
				0.99808183656445348,
				0.031975936544429082,
				0.0,
				-0.080389023825009731,
				-0.036182364825379752,
				0.99610664154201056,
				0.0,
				0.10534281526084732,
				-0.010403749152289043,
				-0.013643187806162265,
				1.0
			],
			"version_major" : 1,
			"version_minor" : 0
		},
		{
			"class_name" : "PoseGraphNode",
			"pose" : 
			[
				0.9958246881435987,
				0.051923245760942323,
				0.075081069740335515,
				0.0,
				-0.054819668112949187,
				0.99780887227996951,
				0.037044006092223705,
				0.0,
				-0.072993112494881607,
				-0.041005255139108673,
				0.9964891241650784,
				0.0,
				0.098395983177457749,
				-0.018196731057651062,
				-0.026922631034021094,
				1.0
			],
			"version_major" : 1,
			"version_minor" : 0
		},
		{
			"class_name" : "PoseGraphNode",
			"pose" : 
			[
				0.99597199627813648,
				0.04680635229607407,
				0.076478415350214365,
				0.0,
				-0.049664417904278974,
				0.9981203534180445,
				0.035905510536205554,
				0.0,
				-0.074654056982679962,
				-0.039559138986740426,
				0.99642453116061569,
				0.0,
				0.10121307241197179,
				-0.024993726023981925,
				-0.025666726539010372,
				1.0
			],
			"version_major" : 1,
			"version_minor" : 0
		},
		{
			"class_name" : "PoseGraphNode",
			"pose" : 
			[
				0.99594395355627896,
				0.048909252952777767,
				0.07552169456712865,
				0.0,
				-0.052195609021316799,
				0.99774603750862645,
				0.042171827500453798,
				0.0,
				-0.073288878921588821,
				-0.045942677451748529,
				0.99625198148609972,
				0.0,
				0.10313811193409445,
				-0.021393573264288025,
				-0.02813058809057014,
				1.0
			],
			"version_major" : 1,
			"version_minor" : 0
		},
		{
			"class_name" : "PoseGraphNode",
			"pose" : 
			[
				0.9954089422360709,
				0.047564540765282243,
				0.08305812529942587,
				0.0,
				-0.051137162533820717,
				0.99783198730966227,
				0.041428440830403236,
				0.0,
				-0.080907529467021316,
				-0.045485597318672549,
				0.99568319866918797,
				0.0,
				0.11330500146510236,
				-0.02175889326020012,
				-0.024117567741003126,
				1.0
			],
			"version_major" : 1,
			"version_minor" : 0
		},
		{
			"class_name" : "PoseGraphNode",
			"pose" : 
			[
				0.99525482578372904,
				0.0484169346459822,
				0.084401612506434881,
				0.0,
				-0.051626870483996924,
				0.99800751391977127,
				0.036272143632603629,
				0.0,
				-0.082477257460637637,
				-0.040457417109379598,
				0.99577140921127605,
				0.0,
				0.11691865130182433,
				-0.021192577229922033,
				-0.021877235107183021,
				1.0
			],
			"version_major" : 1,
			"version_minor" : 0
		},
		{
			"class_name" : "PoseGraphNode",
			"pose" : 
			[
				0.99518277886847606,
				0.040580614417488912,
				0.089243769402221326,
				0.0,
				-0.044065090672056106,
				0.99832736373568032,
				0.037426495970475995,
				0.0,
				-0.087575706835179193,
				-0.041178739053833166,
				0.99530638851675002,
				0.0,
				0.11627722602429878,
				-0.026895565316058266,
				-0.030941832930608412,
				1.0
			],
			"version_major" : 1,
			"version_minor" : 0
		},
		{
			"class_name" : "PoseGraphNode",
			"pose" : 
			[
				0.99457980330809437,
				0.043337815196512627,
				0.094513748341850223,
				0.0,
				-0.047569486734213483,
				0.99794244916433694,
				0.042988511113178432,
				0.0,
				-0.092456253349771741,
				-0.047251475425401264,
				0.99459496242774459,
				0.0,
				0.12180390357919157,
				-0.02553294302223999,
				-0.0318059428961786,
				1.0
			],
			"version_major" : 1,
			"version_minor" : 0
		}
	],
	"version_major" : 1,
	"version_minor" : 0
}