{
	"class_name" : "PoseGraph",
	"edges" : 
	[
		{
			"class_name" : "PoseGraphEdge",
			"confidence" : 1.0,
			"information" : 
			[
				146211.0027876762,
				6147.2644895395688,
				18085.740081362022,
				0.0,
				-55402.877316355705,
				18931.965374737978,
				6147.2644895395688,
				134086.47021128825,
				-44900.47449287487,
				55402.877316355705,
				0.0,
				8440.0130225962494,
				18085.740081362022,
				-44900.47449287487,
				19667.2131391904,
				-18931.965374737978,
				-8440.0130225962494,
				0.0,
				0.0,
				55402.877316355705,
				-18931.965374737978,
				24319.0,
				0.0,
				0.0,
				-55402.877316355705,
				0.0,
				-8440.0130225962494,
				0.0,
				24319.0,
				0.0,
				18931.965374737978,
				8440.0130225962494,
				0.0,
				0.0,
				0.0,
				24319.0
			],
			"source_node_id" : 0,
			"target_node_id" : 1,
			"transformation" : 
			[
				0.99940574290859785,
				0.023231046958197662,
				0.025465260621883038,
				0.0,
				-0.022955882926935584,
				0.99967546391279061,
				-0.011045102525184036,
				0.0,
				-0.025713585521261708,
				0.010453961353143333,
				0.99961468887350147,
				0.0,
				0.020622971386101179,
				-0.027355959916708729,
				-0.015223576946951131,
				1.0
			],
			"uncertain" : false,
			"version_major" : 1,
			"version_minor" : 0
		},
		{
			"class_name" : "PoseGraphEdge",
			"confidence" : 1.0,
			"information" : 
			[
				151242.52168738586,
				6041.7712829164084,
				17925.231955627514,
				0.0,
				-56883.333292484283,
				19307.015262186527,
				6041.7712829164084,
				138671.61417613216,
				-46215.350016485449,
				56883.333292484283,
				0.0,
				8304.6723378025927,
				17925.231955627514,
				-46215.350016485449,
				19937.105115603455,
				-19307.015262186527,
				-8304.6723378025927,
				0.0,
				0.0,
				56883.333292484283,
				-19307.015262186527,
				24743.0,
				0.0,
				0.0,
				-56883.333292484283,
				0.0,
				-8304.6723378025927,
				0.0,
				24743.0,
				0.0,
				19307.015262186527,
				8304.6723378025927,
				0.0,
				0.0,
				0.0,
				24743.0
			],
			"source_node_id" : 0,
			"target_node_id" : 5,
			"transformation" : 
			[
				0.99970931275969621,
				0.017135447634605529,
				0.016960731585014904,
				0.0,
				-0.017084116040700571,
				0.9998490408343641,
				-0.0031667841273990012,
				0.0,
				-0.017012435470711417,
				0.0028761044771263363,
				0.99985114145176202,
				0.0,
				0.0019408416834438998,
				-0.020236404958972155,
				-0.017784830831936917,
				1.0
			],
			"uncertain" : true,
			"version_major" : 1,
			"version_minor" : 0
		},
		{
			"class_name" : "PoseGraphEdge",
			"confidence" : 1.0,
			"information" : 
			[
				137361.78285619986,
				4002.6240965474867,
				11901.171708532689,
				0.0,
				-51651.819952249527,
				17648.654912918806,
				4002.6240965474867,
				124623.94101249703,
				-42206.68972930911,
				51651.819952249527,
				0.0,
				5638.1379053607816,
				11901.171708532689,
				-42206.68972930911,
				17184.019228585003,
				-17648.654912918806,
				-5638.1379053607816,
				0.0,
				0.0,
				51651.819952249527,
				-17648.654912918806,
				22407.0,
				0.0,
				0.0,
				-51651.819952249527,
				0.0,
				-5638.1379053607816,
				0.0,
				22407.0,
				0.0,
				17648.654912918806,
				5638.1379053607816,
				0.0,
				0.0,
				0.0,
				22407.0
			],
			"source_node_id" : 0,
			"target_node_id" : 10,
			"transformation" : 
			[
				0.99873241269947988,
				0.040968092148317869,
				-0.029243516361793918,
				0.0,
				-0.041645467619053876,
				0.99886900766748077,
				-0.02294254885955703,
				0.0,
				0.028270529713217245,
				0.02413132708969359,
				0.99930898935345547,
				0.0,
				0.017670813542030872,
				-0.021962004053499927,
				0.05031353030470339,
				1.0
			],
			"uncertain" : true,
			"version_major" : 1,
			"version_minor" : 0
		},
		{
			"class_name" : "PoseGraphEdge",
			"confidence" : 1.0,
			"information" : 
			[
				2.0,
				0.0,
				0.0,
				0.0,
				0.0,
				0.0,
				0.0,
				2.0,
				0.0,
				0.0,
				0.0,
				0.0,
				0.0,
				0.0,
				2.0,
				0.0,
				0.0,
				0.0,
				0.0,
				0.0,
				0.0,
				2.0,
				0.0,
				0.0,
				0.0,
				0.0,
				0.0,
				0.0,
				2.0,
				0.0,
				0.0,
				0.0,
				0.0,
				0.0,
				0.0,
				2.0
			],
			"source_node_id" : 0,
			"target_node_id" : 15,
			"transformation" : 
			[
				0.079736870489904188,
				0.23458176107677622,
				0.96882063812379382,
				0.0,
				0.80431000162598343,
				-0.5892671671937576,
				0.076482853972998269,
				0.0,
				0.58883567552322014,
				0.7731336256026915,
				-0.23566277642756947,
				0.0,
				1.6081533633223299,
				24.986219479000926,
				1.5528191532422733,
				1.0
			],
			"uncertain" : true,
			"version_major" : 1,
			"version_minor" : 0
		},
		{
			"class_name" : "PoseGraphEdge",
			"confidence" : 1.0,
			"information" : 
			[
				2.0,
				0.0,
				0.0,
				0.0,
				0.0,
				0.0,
				0.0,
				2.0,
				0.0,
				0.0,
				0.0,
				0.0,
				0.0,
				0.0,
				2.0,
				0.0,
				0.0,
				0.0,
				0.0,
				0.0,
				0.0,
				2.0,
				0.0,
				0.0,
				0.0,
				0.0,
				0.0,
				0.0,
				2.0,
				0.0,
				0.0,
				0.0,
				0.0,
				0.0,
				0.0,
				2.0
			],
			"source_node_id" : 0,
			"target_node_id" : 20,
			"transformation" : 
			[
				0.56329469482364947,
				-0.82060102346012931,
				-0.096504129858364596,
				0.0,
				0.40131662073383523,
				0.3738172817333989,
				-0.83618515282216532,
				0.0,
				0.72224930370773421,
				0.43228994919341024,
				0.53989012133956671,
				0.0,
				-44.969341151855502,
				-10.635878687242423,
				-2.0721107420656475,
				1.0
			],
			"uncertain" : true,
			"version_major" : 1,
			"version_minor" : 0
		},
		{
			"class_name" : "PoseGraphEdge",
			"confidence" : 1.0,
			"information" : 
			[
				2.0,
				0.0,
				0.0,
				0.0,
				0.0,
				0.0,
				0.0,
				2.0,
				0.0,
				0.0,
				0.0,
				0.0,
				0.0,
				0.0,
				2.0,
				0.0,
				0.0,
				0.0,
				0.0,
				0.0,
				0.0,
				2.0,
				0.0,
				0.0,
				0.0,
				0.0,
				0.0,
				0.0,
				2.0,
				0.0,
				0.0,
				0.0,
				0.0,
				0.0,
				0.0,
				2.0
			],
			"source_node_id" : 0,
			"target_node_id" : 25,
			"transformation" : 
			[
				1.0,
				0.0,
				0.0,
				0.0,
				0.0,
				1.0,
				0.0,
				0.0,
				0.0,
				0.0,
				1.0,
				0.0,
				0.0,
				0.0,
				0.0,
				1.0
			],
			"uncertain" : true,
			"version_major" : 1,
			"version_minor" : 0
		},
		{
			"class_name" : "PoseGraphEdge",
			"confidence" : 1.0,
			"information" : 
			[
				2.0,
				0.0,
				0.0,
				0.0,
				0.0,
				0.0,
				0.0,
				2.0,
				0.0,
				0.0,
				0.0,
				0.0,
				0.0,
				0.0,
				2.0,
				0.0,
				0.0,
				0.0,
				0.0,
				0.0,
				0.0,
				2.0,
				0.0,
				0.0,
				0.0,
				0.0,
				0.0,
				0.0,
				2.0,
				0.0,
				0.0,
				0.0,
				0.0,
				0.0,
				0.0,
				2.0
			],
			"source_node_id" : 0,
			"target_node_id" : 30,
			"transformation" : 
			[
				1.0,
				0.0,
				0.0,
				0.0,
				0.0,
				1.0,
				0.0,
				0.0,
				0.0,
				0.0,
				1.0,
				0.0,
				0.0,
				0.0,
				0.0,
				1.0
			],
			"uncertain" : true,
			"version_major" : 1,
			"version_minor" : 0
		},
		{
			"class_name" : "PoseGraphEdge",
			"confidence" : 1.0,
			"information" : 
			[
				2.0,
				0.0,
				0.0,
				0.0,
				0.0,
				0.0,
				0.0,
				2.0,
				0.0,
				0.0,
				0.0,
				0.0,
				0.0,
				0.0,
				2.0,
				0.0,
				0.0,
				0.0,
				0.0,
				0.0,
				0.0,
				2.0,
				0.0,
				0.0,
				0.0,
				0.0,
				0.0,
				0.0,
				2.0,
				0.0,
				0.0,
				0.0,
				0.0,
				0.0,
				0.0,
				2.0
			],
			"source_node_id" : 0,
			"target_node_id" : 35,
			"transformation" : 
			[
				1.0,
				0.0,
				0.0,
				0.0,
				0.0,
				1.0,
				0.0,
				0.0,
				0.0,
				0.0,
				1.0,
				0.0,
				0.0,
				0.0,
				0.0,
				1.0
			],
			"uncertain" : true,
			"version_major" : 1,
			"version_minor" : 0
		},
		{
			"class_name" : "PoseGraphEdge",
			"confidence" : 1.0,
			"information" : 
			[
				2.0,
				0.0,
				0.0,
				0.0,
				0.0,
				0.0,
				0.0,
				2.0,
				0.0,
				0.0,
				0.0,
				0.0,
				0.0,
				0.0,
				2.0,
				0.0,
				0.0,
				0.0,
				0.0,
				0.0,
				0.0,
				2.0,
				0.0,
				0.0,
				0.0,
				0.0,
				0.0,
				0.0,
				2.0,
				0.0,
				0.0,
				0.0,
				0.0,
				0.0,
				0.0,
				2.0
			],
			"source_node_id" : 0,
			"target_node_id" : 40,
			"transformation" : 
			[
				1.0,
				0.0,
				0.0,
				0.0,
				0.0,
				1.0,
				0.0,
				0.0,
				0.0,
				0.0,
				1.0,
				0.0,
				0.0,
				0.0,
				0.0,
				1.0
			],
			"uncertain" : true,
			"version_major" : 1,
			"version_minor" : 0
		},
		{
			"class_name" : "PoseGraphEdge",
			"confidence" : 1.0,
			"information" : 
			[
				2.0,
				0.0,
				0.0,
				0.0,
				0.0,
				0.0,
				0.0,
				2.0,
				0.0,
				0.0,
				0.0,
				0.0,
				0.0,
				0.0,
				2.0,
				0.0,
				0.0,
				0.0,
				0.0,
				0.0,
				0.0,
				2.0,
				0.0,
				0.0,
				0.0,
				0.0,
				0.0,
				0.0,
				2.0,
				0.0,
				0.0,
				0.0,
				0.0,
				0.0,
				0.0,
				2.0
			],
			"source_node_id" : 0,
			"target_node_id" : 45,
			"transformation" : 
			[
				1.0,
				0.0,
				0.0,
				0.0,
				0.0,
				1.0,
				0.0,
				0.0,
				0.0,
				0.0,
				1.0,
				0.0,
				0.0,
				0.0,
				0.0,
				1.0
			],
			"uncertain" : true,
			"version_major" : 1,
			"version_minor" : 0
		},
		{
			"class_name" : "PoseGraphEdge",
			"confidence" : 1.0,
			"information" : 
			[
				2.0,
				0.0,
				0.0,
				0.0,
				0.0,
				0.0,
				0.0,
				2.0,
				0.0,
				0.0,
				0.0,
				0.0,
				0.0,
				0.0,
				2.0,
				0.0,
				0.0,
				0.0,
				0.0,
				0.0,
				0.0,
				2.0,
				0.0,
				0.0,
				0.0,
				0.0,
				0.0,
				0.0,
				2.0,
				0.0,
				0.0,
				0.0,
				0.0,
				0.0,
				0.0,
				2.0
			],
			"source_node_id" : 0,
			"target_node_id" : 50,
			"transformation" : 
			[
				1.0,
				0.0,
				0.0,
				0.0,
				0.0,
				1.0,
				0.0,
				0.0,
				0.0,
				0.0,
				1.0,
				0.0,
				0.0,
				0.0,
				0.0,
				1.0
			],
			"uncertain" : true,
			"version_major" : 1,
			"version_minor" : 0
		},
		{
			"class_name" : "PoseGraphEdge",
			"confidence" : 1.0,
			"information" : 
			[
				2.0,
				0.0,
				0.0,
				0.0,
				0.0,
				0.0,
				0.0,
				2.0,
				0.0,
				0.0,
				0.0,
				0.0,
				0.0,
				0.0,
				2.0,
				0.0,
				0.0,
				0.0,
				0.0,
				0.0,
				0.0,
				2.0,
				0.0,
				0.0,
				0.0,
				0.0,
				0.0,
				0.0,
				2.0,
				0.0,
				0.0,
				0.0,
				0.0,
				0.0,
				0.0,
				2.0
			],
			"source_node_id" : 0,
			"target_node_id" : 55,
			"transformation" : 
			[
				1.0,
				0.0,
				0.0,
				0.0,
				0.0,
				1.0,
				0.0,
				0.0,
				0.0,
				0.0,
				1.0,
				0.0,
				0.0,
				0.0,
				0.0,
				1.0
			],
			"uncertain" : true,
			"version_major" : 1,
			"version_minor" : 0
		},
		{
			"class_name" : "PoseGraphEdge",
			"confidence" : 1.0,
			"information" : 
			[
				2.0,
				0.0,
				0.0,
				0.0,
				0.0,
				0.0,
				0.0,
				2.0,
				0.0,
				0.0,
				0.0,
				0.0,
				0.0,
				0.0,
				2.0,
				0.0,
				0.0,
				0.0,
				0.0,
				0.0,
				0.0,
				2.0,
				0.0,
				0.0,
				0.0,
				0.0,
				0.0,
				0.0,
				2.0,
				0.0,
				0.0,
				0.0,
				0.0,
				0.0,
				0.0,
				2.0
			],
			"source_node_id" : 0,
			"target_node_id" : 60,
			"transformation" : 
			[
				1.0,
				0.0,
				0.0,
				0.0,
				0.0,
				1.0,
				0.0,
				0.0,
				0.0,
				0.0,
				1.0,
				0.0,
				0.0,
				0.0,
				0.0,
				1.0
			],
			"uncertain" : true,
			"version_major" : 1,
			"version_minor" : 0
		},
		{
			"class_name" : "PoseGraphEdge",
			"confidence" : 1.0,
			"information" : 
			[
				2.0,
				0.0,
				0.0,
				0.0,
				0.0,
				0.0,
				0.0,
				2.0,
				0.0,
				0.0,
				0.0,
				0.0,
				0.0,
				0.0,
				2.0,
				0.0,
				0.0,
				0.0,
				0.0,
				0.0,
				0.0,
				2.0,
				0.0,
				0.0,
				0.0,
				0.0,
				0.0,
				0.0,
				2.0,
				0.0,
				0.0,
				0.0,
				0.0,
				0.0,
				0.0,
				2.0
			],
			"source_node_id" : 0,
			"target_node_id" : 65,
			"transformation" : 
			[
				1.0,
				0.0,
				0.0,
				0.0,
				0.0,
				1.0,
				0.0,
				0.0,
				0.0,
				0.0,
				1.0,
				0.0,
				0.0,
				0.0,
				0.0,
				1.0
			],
			"uncertain" : true,
			"version_major" : 1,
			"version_minor" : 0
		},
		{
			"class_name" : "PoseGraphEdge",
			"confidence" : 1.0,
			"information" : 
			[
				2.0,
				0.0,
				0.0,
				0.0,
				0.0,
				0.0,
				0.0,
				2.0,
				0.0,
				0.0,
				0.0,
				0.0,
				0.0,
				0.0,
				2.0,
				0.0,
				0.0,
				0.0,
				0.0,
				0.0,
				0.0,
				2.0,
				0.0,
				0.0,
				0.0,
				0.0,
				0.0,
				0.0,
				2.0,
				0.0,
				0.0,
				0.0,
				0.0,
				0.0,
				0.0,
				2.0
			],
			"source_node_id" : 0,
			"target_node_id" : 70,
			"transformation" : 
			[
				1.0,
				0.0,
				0.0,
				0.0,
				0.0,
				1.0,
				0.0,
				0.0,
				0.0,
				0.0,
				1.0,
				0.0,
				0.0,
				0.0,
				0.0,
				1.0
			],
			"uncertain" : true,
			"version_major" : 1,
			"version_minor" : 0
		},
		{
			"class_name" : "PoseGraphEdge",
			"confidence" : 1.0,
			"information" : 
			[
				2.0,
				0.0,
				0.0,
				0.0,
				0.0,
				0.0,
				0.0,
				2.0,
				0.0,
				0.0,
				0.0,
				0.0,
				0.0,
				0.0,
				2.0,
				0.0,
				0.0,
				0.0,
				0.0,
				0.0,
				0.0,
				2.0,
				0.0,
				0.0,
				0.0,
				0.0,
				0.0,
				0.0,
				2.0,
				0.0,
				0.0,
				0.0,
				0.0,
				0.0,
				0.0,
				2.0
			],
			"source_node_id" : 0,
			"target_node_id" : 75,
			"transformation" : 
			[
				1.0,
				0.0,
				0.0,
				0.0,
				0.0,
				1.0,
				0.0,
				0.0,
				0.0,
				0.0,
				1.0,
				0.0,
				0.0,
				0.0,
				0.0,
				1.0
			],
			"uncertain" : true,
			"version_major" : 1,
			"version_minor" : 0
		},
		{
			"class_name" : "PoseGraphEdge",
			"confidence" : 1.0,
			"information" : 
			[
				2.0,
				0.0,
				0.0,
				0.0,
				0.0,
				0.0,
				0.0,
				2.0,
				0.0,
				0.0,
				0.0,
				0.0,
				0.0,
				0.0,
				2.0,
				0.0,
				0.0,
				0.0,
				0.0,
				0.0,
				0.0,
				2.0,
				0.0,
				0.0,
				0.0,
				0.0,
				0.0,
				0.0,
				2.0,
				0.0,
				0.0,
				0.0,
				0.0,
				0.0,
				0.0,
				2.0
			],
			"source_node_id" : 0,
			"target_node_id" : 80,
			"transformation" : 
			[
				1.0,
				0.0,
				0.0,
				0.0,
				0.0,
				1.0,
				0.0,
				0.0,
				0.0,
				0.0,
				1.0,
				0.0,
				0.0,
				0.0,
				0.0,
				1.0
			],
			"uncertain" : true,
			"version_major" : 1,
			"version_minor" : 0
		},
		{
			"class_name" : "PoseGraphEdge",
			"confidence" : 1.0,
			"information" : 
			[
				2.0,
				0.0,
				0.0,
				0.0,
				0.0,
				0.0,
				0.0,
				2.0,
				0.0,
				0.0,
				0.0,
				0.0,
				0.0,
				0.0,
				2.0,
				0.0,
				0.0,
				0.0,
				0.0,
				0.0,
				0.0,
				2.0,
				0.0,
				0.0,
				0.0,
				0.0,
				0.0,
				0.0,
				2.0,
				0.0,
				0.0,
				0.0,
				0.0,
				0.0,
				0.0,
				2.0
			],
			"source_node_id" : 0,
			"target_node_id" : 85,
			"transformation" : 
			[
				1.0,
				0.0,
				0.0,
				0.0,
				0.0,
				1.0,
				0.0,
				0.0,
				0.0,
				0.0,
				1.0,
				0.0,
				0.0,
				0.0,
				0.0,
				1.0
			],
			"uncertain" : true,
			"version_major" : 1,
			"version_minor" : 0
		},
		{
			"class_name" : "PoseGraphEdge",
			"confidence" : 1.0,
			"information" : 
			[
				2.0,
				0.0,
				0.0,
				0.0,
				0.0,
				0.0,
				0.0,
				2.0,
				0.0,
				0.0,
				0.0,
				0.0,
				0.0,
				0.0,
				2.0,
				0.0,
				0.0,
				0.0,
				0.0,
				0.0,
				0.0,
				2.0,
				0.0,
				0.0,
				0.0,
				0.0,
				0.0,
				0.0,
				2.0,
				0.0,
				0.0,
				0.0,
				0.0,
				0.0,
				0.0,
				2.0
			],
			"source_node_id" : 0,
			"target_node_id" : 90,
			"transformation" : 
			[
				1.0,
				0.0,
				0.0,
				0.0,
				0.0,
				1.0,
				0.0,
				0.0,
				0.0,
				0.0,
				1.0,
				0.0,
				0.0,
				0.0,
				0.0,
				1.0
			],
			"uncertain" : true,
			"version_major" : 1,
			"version_minor" : 0
		},
		{
			"class_name" : "PoseGraphEdge",
			"confidence" : 1.0,
			"information" : 
			[
				2.0,
				0.0,
				0.0,
				0.0,
				0.0,
				0.0,
				0.0,
				2.0,
				0.0,
				0.0,
				0.0,
				0.0,
				0.0,
				0.0,
				2.0,
				0.0,
				0.0,
				0.0,
				0.0,
				0.0,
				0.0,
				2.0,
				0.0,
				0.0,
				0.0,
				0.0,
				0.0,
				0.0,
				2.0,
				0.0,
				0.0,
				0.0,
				0.0,
				0.0,
				0.0,
				2.0
			],
			"source_node_id" : 0,
			"target_node_id" : 95,
			"transformation" : 
			[
				1.0,
				0.0,
				0.0,
				0.0,
				0.0,
				1.0,
				0.0,
				0.0,
				0.0,
				0.0,
				1.0,
				0.0,
				0.0,
				0.0,
				0.0,
				1.0
			],
			"uncertain" : true,
			"version_major" : 1,
			"version_minor" : 0
		},
		{
			"class_name" : "PoseGraphEdge",
			"confidence" : 1.0,
			"information" : 
			[
				164320.36815695956,
				7615.6194009330093,
				21906.053913901193,
				0.0,
				-61144.341638088226,
				21050.065358698368,
				7615.6194009330093,
				151284.96362548621,
				-50746.940212165522,
				61144.341638088226,
				0.0,
				9905.3614514810033,
				21906.053913901193,
				-50746.940212165522,
				23103.345124750565,
				-21050.065358698368,
				-9905.3614514810033,
				0.0,
				0.0,
				61144.341638088226,
				-21050.065358698368,
				26467.0,
				0.0,
				0.0,
				-61144.341638088226,
				0.0,
				-9905.3614514810033,
				0.0,
				26467.0,
				0.0,
				21050.065358698368,
				9905.3614514810033,
				0.0,
				0.0,
				0.0,
				26467.0
			],
			"source_node_id" : 1,
			"target_node_id" : 2,
			"transformation" : 
			[
				0.99997533530454152,
				-0.0056289069575477827,
				0.0042004986648619021,
				0.0,
				0.0056072605557120668,
				0.99997103104036833,
				0.0051473982868107549,
				0.0,
				-0.0042293512068155396,
				-0.0051237180373217943,
				0.99997792980737443,
				0.0,
				-0.0022602926602000428,
				0.011636254937145998,
				-0.003865894976235346,
				1.0
			],
			"uncertain" : false,
			"version_major" : 1,
			"version_minor" : 0
		},
		{
			"class_name" : "PoseGraphEdge",
			"confidence" : 1.0,
			"information" : 
			[
				161904.23319264632,
				7082.5927644996464,
				20654.292040100972,
				0.0,
				-60452.139871478081,
				20617.350564241409,
				7082.5927644996464,
				148993.71704353954,
				-49628.894332314383,
				60452.139871478081,
				0.0,
				9424.0615167685319,
				20654.292040100972,
				-49628.894332314383,
				22119.756878229575,
				-20617.350564241409,
				-9424.0615167685319,
				0.0,
				0.0,
				60452.139871478081,
				-20617.350564241409,
				26197.0,
				0.0,
				0.0,
				-60452.139871478081,
				0.0,
				-9424.0615167685319,
				0.0,
				26197.0,
				0.0,
				20617.350564241409,
				9424.0615167685319,
				0.0,
				0.0,
				0.0,
				26197.0
			],
			"source_node_id" : 2,
			"target_node_id" : 3,
			"transformation" : 
			[
				0.99999195118648443,
				-9.9779121858934206e-05,
				-0.0040109358477600559,
				0.0,
				0.00011508376311307476,
				0.99999271364981279,
				0.0038156785779957141,
				0.0,
				0.0040105258976190859,
				-0.0038161094599013707,
				0.99998467637790056,
				0.0,
				-0.0022938321940553993,
				0.0047903672030248194,
				-0.00091847781265164781,
				1.0
			],
			"uncertain" : false,
			"version_major" : 1,
			"version_minor" : 0
		},
		{
			"class_name" : "PoseGraphEdge",
			"confidence" : 1.0,
			"information" : 
			[
				169578.82756447137,
				7665.6264270712918,
				22061.091206554243,
				0.0,
				-62919.248648762703,
				21632.201039284468,
				7665.6264270712918,
				156015.92484401114,
				-52328.548147645561,
				62919.248648762703,
				0.0,
				9940.6996750042308,
				22061.091206554243,
				-52328.548147645561,
				23672.89549045606,
				-21632.201039284468,
				-9940.6996750042308,
				0.0,
				0.0,
				62919.248648762703,
				-21632.201039284468,
				27135.0,
				0.0,
				0.0,
				-62919.248648762703,
				0.0,
				-9940.6996750042308,
				0.0,
				27135.0,
				0.0,
				21632.201039284468,
				9940.6996750042308,
				0.0,
				0.0,
				0.0,
				27135.0
			],
			"source_node_id" : 3,
			"target_node_id" : 4,
			"transformation" : 
			[
				0.99999971919952524,
				0.00073761365833291328,
				0.00013238942851557687,
				0.0,
				-0.0007374472022493283,
				0.9999989430844457,
				-0.0012529970528605862,
				0.0,
				-0.00013331351633117077,
				0.0012528990708047438,
				0.99999920623539784,
				0.0,
				0.0025206325199167556,
				-0.0023929635390413217,
				0.002306213919593696,
				1.0
			],
			"uncertain" : false,
			"version_major" : 1,
			"version_minor" : 0
		},
		{
			"class_name" : "PoseGraphEdge",
			"confidence" : 1.0,
			"information" : 
			[
				169490.19822078792,
				7627.0731249007949,
				22115.981866194295,
				0.0,
				-62930.88409268856,
				21432.050282806158,
				7627.0731249007949,
				156264.46934372938,
				-51932.836251930363,
				62930.88409268856,
				0.0,
				9923.1958604612155,
				22115.981866194295,
				-51932.836251930363,
				23408.364325858522,
				-21432.050282806158,
				-9923.1958604612155,
				0.0,
				0.0,
				62930.88409268856,
				-21432.050282806158,
				27106.0,
				0.0,
				0.0,
				-62930.88409268856,
				0.0,
				-9923.1958604612155,
				0.0,
				27106.0,
				0.0,
				21432.050282806158,
				9923.1958604612155,
				0.0,
				0.0,
				0.0,
				27106.0
			],
			"source_node_id" : 4,
			"target_node_id" : 5,
			"transformation" : 
			[
				0.99999439542012059,
				0.00072612709820512472,
				-0.003268312681593315,
				0.0,
				-0.00072411016378285862,
				0.99999954671006019,
				0.0006182589630376583,
				0.0,
				0.0032687601346868219,
				-0.00061588887952475206,
				0.99999446792873303,
				0.0,
				-0.0023766521217861267,
				-0.0062006427549079887,
				0.00050143729831753992,
				1.0
			],
			"uncertain" : false,
			"version_major" : 1,
			"version_minor" : 0
		},
		{
			"class_name" : "PoseGraphEdge",
			"confidence" : 1.0,
			"information" : 
			[
				169979.9295572413,
				6976.7149031394983,
				20956.013425140703,
				0.0,
				-63515.831566810608,
				20961.458494663239,
				6976.7149031394983,
				157426.53442602727,
				-50813.420490970537,
				63515.831566810608,
				0.0,
				9546.6117683132179,
				20956.013425140703,
				-50813.420490970537,
				22255.017662801431,
				-20961.458494663239,
				-9546.6117683132179,
				0.0,
				0.0,
				63515.831566810608,
				-20961.458494663239,
				27355.0,
				0.0,
				0.0,
				-63515.831566810608,
				0.0,
				-9546.6117683132179,
				0.0,
				27355.0,
				0.0,
				20961.458494663239,
				9546.6117683132179,
				0.0,
				0.0,
				0.0,
				27355.0
			],
			"source_node_id" : 5,
			"target_node_id" : 6,
			"transformation" : 
			[
				0.99995266092676616,
				0.0055352182248472812,
				-0.0080023287037476916,
				0.0,
				-0.0054868093623890914,
				0.99996659299658375,
				0.0060586973703737725,
				0.0,
				0.0080355975820286772,
				-0.0060145033052026141,
				0.99994962619198535,
				0.0,
				0.00072827580846779164,
				-0.010788325200595035,
				0.0044638944805980539,
				1.0
			],
			"uncertain" : false,
			"version_major" : 1,
			"version_minor" : 0
		},
		{
			"class_name" : "PoseGraphEdge",
			"confidence" : 1.0,
			"information" : 
			[
				26000.237531776958,
				836.80988931442266,
				2508.5519518390761,
				0.0,
				-11114.062070131302,
				3734.4139994382858,
				836.80988931442266,
				23626.353913175903,
				-7829.1809100916116,
				11114.062070131302,
				0.0,
				1194.4094171077013,
				2508.5519518390761,
				-7829.1809100916116,
				2931.9492180840402,
				-3734.4139994382858,
				-1194.4094171077013,
				0.0,
				0.0,
				11114.062070131302,
				-3734.4139994382858,
				5298.0,
				0.0,
				0.0,
				-11114.062070131302,
				0.0,
				-1194.4094171077013,
				0.0,
				5298.0,
				0.0,
				3734.4139994382858,
				1194.4094171077013,
				0.0,
				0.0,
				0.0,
				5298.0
			],
			"source_node_id" : 5,
			"target_node_id" : 10,
			"transformation" : 
			[
				0.65589341730862682,
				-0.74571795335027113,
				0.11708355641290627,
				0.0,
				0.71692262319818001,
				0.66394603473944214,
				0.21259730783905181,
				0.0,
				-0.23627479230305648,
				-0.055501324352256666,
				0.97009990491561893,
				0.0,
				0.063092790198311641,
				0.076975230800606059,
				0.045716824228382608,
				1.0
			],
			"uncertain" : true,
			"version_major" : 1,
			"version_minor" : 0
		},
		{
			"class_name" : "PoseGraphEdge",
			"confidence" : 1.0,
			"information" : 
			[
				71809.271638261082,
				1917.8401708107415,
				5660.0266462433638,
				0.0,
				-28925.306856632233,
				9941.5950444638729,
				1917.8401708107415,
				64758.507459934961,
				-22024.218361601979,
				28925.306856632233,
				0.0,
				2662.7475565448403,
				5660.0266462433638,
				-22024.218361601979,
				8439.7317471897532,
				-9941.5950444638729,
				-2662.7475565448403,
				0.0,
				0.0,
				28925.306856632233,
				-9941.5950444638729,
				13156.0,
				0.0,
				0.0,
				-28925.306856632233,
				0.0,
				-2662.7475565448403,
				0.0,
				13156.0,
				0.0,
				9941.5950444638729,
				2662.7475565448403,
				0.0,
				0.0,
				0.0,
				13156.0
			],
			"source_node_id" : 5,
			"target_node_id" : 15,
			"transformation" : 
			[
				0.94444453756289715,
				-0.1324868947466078,
				-0.30078520274110332,
				0.0,
				0.11637668769976121,
				0.99066809306895487,
				-0.070945020509916384,
				0.0,
				0.30737758868798082,
				0.031999251483767713,
				0.95104945501106419,
				0.0,
				-0.56914059352804902,
				-0.0329822459103747,
				0.16579187524864122,
				1.0
			],
			"uncertain" : true,
			"version_major" : 1,
			"version_minor" : 0
		},
		{
			"class_name" : "PoseGraphEdge",
			"confidence" : 1.0,
			"information" : 
			[
				2.0,
				0.0,
				0.0,
				0.0,
				0.0,
				0.0,
				0.0,
				2.0,
				0.0,
				0.0,
				0.0,
				0.0,
				0.0,
				0.0,
				2.0,
				0.0,
				0.0,
				0.0,
				0.0,
				0.0,
				0.0,
				2.0,
				0.0,
				0.0,
				0.0,
				0.0,
				0.0,
				0.0,
				2.0,
				0.0,
				0.0,
				0.0,
				0.0,
				0.0,
				0.0,
				2.0
			],
			"source_node_id" : 5,
			"target_node_id" : 20,
			"transformation" : 
			[
				-0.65684935582892312,
				-0.43934111930012332,
				-0.61280364280839883,
				0.0,
				-0.72832306442957007,
				0.58004843841669784,
				0.3648140936288925,
				0.0,
				0.19517796383569802,
				0.68594692942126712,
				-0.70098671346216401,
				0.0,
				-4.5287413749120757,
				6.3251925325112177,
				-3.0628499166063441,
				1.0
			],
			"uncertain" : true,
			"version_major" : 1,
			"version_minor" : 0
		},
		{
			"class_name" : "PoseGraphEdge",
			"confidence" : 1.0,
			"information" : 
			[
				2.0,
				0.0,
				0.0,
				0.0,
				0.0,
				0.0,
				0.0,
				2.0,
				0.0,
				0.0,
				0.0,
				0.0,
				0.0,
				0.0,
				2.0,
				0.0,
				0.0,
				0.0,
				0.0,
				0.0,
				0.0,
				2.0,
				0.0,
				0.0,
				0.0,
				0.0,
				0.0,
				0.0,
				2.0,
				0.0,
				0.0,
				0.0,
				0.0,
				0.0,
				0.0,
				2.0
			],
			"source_node_id" : 5,
			"target_node_id" : 25,
			"transformation" : 
			[
				1.0,
				0.0,
				0.0,
				0.0,
				0.0,
				1.0,
				0.0,
				0.0,
				0.0,
				0.0,
				1.0,
				0.0,
				0.0,
				0.0,
				0.0,
				1.0
			],
			"uncertain" : true,
			"version_major" : 1,
			"version_minor" : 0
		},
		{
			"class_name" : "PoseGraphEdge",
			"confidence" : 1.0,
			"information" : 
			[
				2.0,
				0.0,
				0.0,
				0.0,
				0.0,
				0.0,
				0.0,
				2.0,
				0.0,
				0.0,
				0.0,
				0.0,
				0.0,
				0.0,
				2.0,
				0.0,
				0.0,
				0.0,
				0.0,
				0.0,
				0.0,
				2.0,
				0.0,
				0.0,
				0.0,
				0.0,
				0.0,
				0.0,
				2.0,
				0.0,
				0.0,
				0.0,
				0.0,
				0.0,
				0.0,
				2.0
			],
			"source_node_id" : 5,
			"target_node_id" : 30,
			"transformation" : 
			[
				1.0,
				0.0,
				0.0,
				0.0,
				0.0,
				1.0,
				0.0,
				0.0,
				0.0,
				0.0,
				1.0,
				0.0,
				0.0,
				0.0,
				0.0,
				1.0
			],
			"uncertain" : true,
			"version_major" : 1,
			"version_minor" : 0
		},
		{
			"class_name" : "PoseGraphEdge",
			"confidence" : 1.0,
			"information" : 
			[
				2.0,
				0.0,
				0.0,
				0.0,
				0.0,
				0.0,
				0.0,
				2.0,
				0.0,
				0.0,
				0.0,
				0.0,
				0.0,
				0.0,
				2.0,
				0.0,
				0.0,
				0.0,
				0.0,
				0.0,
				0.0,
				2.0,
				0.0,
				0.0,
				0.0,
				0.0,
				0.0,
				0.0,
				2.0,
				0.0,
				0.0,
				0.0,
				0.0,
				0.0,
				0.0,
				2.0
			],
			"source_node_id" : 5,
			"target_node_id" : 35,
			"transformation" : 
			[
				1.0,
				0.0,
				0.0,
				0.0,
				0.0,
				1.0,
				0.0,
				0.0,
				0.0,
				0.0,
				1.0,
				0.0,
				0.0,
				0.0,
				0.0,
				1.0
			],
			"uncertain" : true,
			"version_major" : 1,
			"version_minor" : 0
		},
		{
			"class_name" : "PoseGraphEdge",
			"confidence" : 1.0,
			"information" : 
			[
				2.0,
				0.0,
				0.0,
				0.0,
				0.0,
				0.0,
				0.0,
				2.0,
				0.0,
				0.0,
				0.0,
				0.0,
				0.0,
				0.0,
				2.0,
				0.0,
				0.0,
				0.0,
				0.0,
				0.0,
				0.0,
				2.0,
				0.0,
				0.0,
				0.0,
				0.0,
				0.0,
				0.0,
				2.0,
				0.0,
				0.0,
				0.0,
				0.0,
				0.0,
				0.0,
				2.0
			],
			"source_node_id" : 5,
			"target_node_id" : 40,
			"transformation" : 
			[
				1.0,
				0.0,
				0.0,
				0.0,
				0.0,
				1.0,
				0.0,
				0.0,
				0.0,
				0.0,
				1.0,
				0.0,
				0.0,
				0.0,
				0.0,
				1.0
			],
			"uncertain" : true,
			"version_major" : 1,
			"version_minor" : 0
		},
		{
			"class_name" : "PoseGraphEdge",
			"confidence" : 1.0,
			"information" : 
			[
				2.0,
				0.0,
				0.0,
				0.0,
				0.0,
				0.0,
				0.0,
				2.0,
				0.0,
				0.0,
				0.0,
				0.0,
				0.0,
				0.0,
				2.0,
				0.0,
				0.0,
				0.0,
				0.0,
				0.0,
				0.0,
				2.0,
				0.0,
				0.0,
				0.0,
				0.0,
				0.0,
				0.0,
				2.0,
				0.0,
				0.0,
				0.0,
				0.0,
				0.0,
				0.0,
				2.0
			],
			"source_node_id" : 5,
			"target_node_id" : 45,
			"transformation" : 
			[
				1.0,
				0.0,
				0.0,
				0.0,
				0.0,
				1.0,
				0.0,
				0.0,
				0.0,
				0.0,
				1.0,
				0.0,
				0.0,
				0.0,
				0.0,
				1.0
			],
			"uncertain" : true,
			"version_major" : 1,
			"version_minor" : 0
		},
		{
			"class_name" : "PoseGraphEdge",
			"confidence" : 1.0,
			"information" : 
			[
				2.0,
				0.0,
				0.0,
				0.0,
				0.0,
				0.0,
				0.0,
				2.0,
				0.0,
				0.0,
				0.0,
				0.0,
				0.0,
				0.0,
				2.0,
				0.0,
				0.0,
				0.0,
				0.0,
				0.0,
				0.0,
				2.0,
				0.0,
				0.0,
				0.0,
				0.0,
				0.0,
				0.0,
				2.0,
				0.0,
				0.0,
				0.0,
				0.0,
				0.0,
				0.0,
				2.0
			],
			"source_node_id" : 5,
			"target_node_id" : 50,
			"transformation" : 
			[
				1.0,
				0.0,
				0.0,
				0.0,
				0.0,
				1.0,
				0.0,
				0.0,
				0.0,
				0.0,
				1.0,
				0.0,
				0.0,
				0.0,
				0.0,
				1.0
			],
			"uncertain" : true,
			"version_major" : 1,
			"version_minor" : 0
		},
		{
			"class_name" : "PoseGraphEdge",
			"confidence" : 1.0,
			"information" : 
			[
				2.0,
				0.0,
				0.0,
				0.0,
				0.0,
				0.0,
				0.0,
				2.0,
				0.0,
				0.0,
				0.0,
				0.0,
				0.0,
				0.0,
				2.0,
				0.0,
				0.0,
				0.0,
				0.0,
				0.0,
				0.0,
				2.0,
				0.0,
				0.0,
				0.0,
				0.0,
				0.0,
				0.0,
				2.0,
				0.0,
				0.0,
				0.0,
				0.0,
				0.0,
				0.0,
				2.0
			],
			"source_node_id" : 5,
			"target_node_id" : 55,
			"transformation" : 
			[
				1.0,
				0.0,
				0.0,
				0.0,
				0.0,
				1.0,
				0.0,
				0.0,
				0.0,
				0.0,
				1.0,
				0.0,
				0.0,
				0.0,
				0.0,
				1.0
			],
			"uncertain" : true,
			"version_major" : 1,
			"version_minor" : 0
		},
		{
			"class_name" : "PoseGraphEdge",
			"confidence" : 1.0,
			"information" : 
			[
				2.0,
				0.0,
				0.0,
				0.0,
				0.0,
				0.0,
				0.0,
				2.0,
				0.0,
				0.0,
				0.0,
				0.0,
				0.0,
				0.0,
				2.0,
				0.0,
				0.0,
				0.0,
				0.0,
				0.0,
				0.0,
				2.0,
				0.0,
				0.0,
				0.0,
				0.0,
				0.0,
				0.0,
				2.0,
				0.0,
				0.0,
				0.0,
				0.0,
				0.0,
				0.0,
				2.0
			],
			"source_node_id" : 5,
			"target_node_id" : 60,
			"transformation" : 
			[
				1.0,
				0.0,
				0.0,
				0.0,
				0.0,
				1.0,
				0.0,
				0.0,
				0.0,
				0.0,
				1.0,
				0.0,
				0.0,
				0.0,
				0.0,
				1.0
			],
			"uncertain" : true,
			"version_major" : 1,
			"version_minor" : 0
		},
		{
			"class_name" : "PoseGraphEdge",
			"confidence" : 1.0,
			"information" : 
			[
				2.0,
				0.0,
				0.0,
				0.0,
				0.0,
				0.0,
				0.0,
				2.0,
				0.0,
				0.0,
				0.0,
				0.0,
				0.0,
				0.0,
				2.0,
				0.0,
				0.0,
				0.0,
				0.0,
				0.0,
				0.0,
				2.0,
				0.0,
				0.0,
				0.0,
				0.0,
				0.0,
				0.0,
				2.0,
				0.0,
				0.0,
				0.0,
				0.0,
				0.0,
				0.0,
				2.0
			],
			"source_node_id" : 5,
			"target_node_id" : 65,
			"transformation" : 
			[
				1.0,
				0.0,
				0.0,
				0.0,
				0.0,
				1.0,
				0.0,
				0.0,
				0.0,
				0.0,
				1.0,
				0.0,
				0.0,
				0.0,
				0.0,
				1.0
			],
			"uncertain" : true,
			"version_major" : 1,
			"version_minor" : 0
		},
		{
			"class_name" : "PoseGraphEdge",
			"confidence" : 1.0,
			"information" : 
			[
				2.0,
				0.0,
				0.0,
				0.0,
				0.0,
				0.0,
				0.0,
				2.0,
				0.0,
				0.0,
				0.0,
				0.0,
				0.0,
				0.0,
				2.0,
				0.0,
				0.0,
				0.0,
				0.0,
				0.0,
				0.0,
				2.0,
				0.0,
				0.0,
				0.0,
				0.0,
				0.0,
				0.0,
				2.0,
				0.0,
				0.0,
				0.0,
				0.0,
				0.0,
				0.0,
				2.0
			],
			"source_node_id" : 5,
			"target_node_id" : 70,
			"transformation" : 
			[
				1.0,
				0.0,
				0.0,
				0.0,
				0.0,
				1.0,
				0.0,
				0.0,
				0.0,
				0.0,
				1.0,
				0.0,
				0.0,
				0.0,
				0.0,
				1.0
			],
			"uncertain" : true,
			"version_major" : 1,
			"version_minor" : 0
		},
		{
			"class_name" : "PoseGraphEdge",
			"confidence" : 1.0,
			"information" : 
			[
				2.0,
				0.0,
				0.0,
				0.0,
				0.0,
				0.0,
				0.0,
				2.0,
				0.0,
				0.0,
				0.0,
				0.0,
				0.0,
				0.0,
				2.0,
				0.0,
				0.0,
				0.0,
				0.0,
				0.0,
				0.0,
				2.0,
				0.0,
				0.0,
				0.0,
				0.0,
				0.0,
				0.0,
				2.0,
				0.0,
				0.0,
				0.0,
				0.0,
				0.0,
				0.0,
				2.0
			],
			"source_node_id" : 5,
			"target_node_id" : 75,
			"transformation" : 
			[
				1.0,
				0.0,
				0.0,
				0.0,
				0.0,
				1.0,
				0.0,
				0.0,
				0.0,
				0.0,
				1.0,
				0.0,
				0.0,
				0.0,
				0.0,
				1.0
			],
			"uncertain" : true,
			"version_major" : 1,
			"version_minor" : 0
		},
		{
			"class_name" : "PoseGraphEdge",
			"confidence" : 1.0,
			"information" : 
			[
				2.0,
				0.0,
				0.0,
				0.0,
				0.0,
				0.0,
				0.0,
				2.0,
				0.0,
				0.0,
				0.0,
				0.0,
				0.0,
				0.0,
				2.0,
				0.0,
				0.0,
				0.0,
				0.0,
				0.0,
				0.0,
				2.0,
				0.0,
				0.0,
				0.0,
				0.0,
				0.0,
				0.0,
				2.0,
				0.0,
				0.0,
				0.0,
				0.0,
				0.0,
				0.0,
				2.0
			],
			"source_node_id" : 5,
			"target_node_id" : 80,
			"transformation" : 
			[
				1.0,
				0.0,
				0.0,
				0.0,
				0.0,
				1.0,
				0.0,
				0.0,
				0.0,
				0.0,
				1.0,
				0.0,
				0.0,
				0.0,
				0.0,
				1.0
			],
			"uncertain" : true,
			"version_major" : 1,
			"version_minor" : 0
		},
		{
			"class_name" : "PoseGraphEdge",
			"confidence" : 1.0,
			"information" : 
			[
				2.0,
				0.0,
				0.0,
				0.0,
				0.0,
				0.0,
				0.0,
				2.0,
				0.0,
				0.0,
				0.0,
				0.0,
				0.0,
				0.0,
				2.0,
				0.0,
				0.0,
				0.0,
				0.0,
				0.0,
				0.0,
				2.0,
				0.0,
				0.0,
				0.0,
				0.0,
				0.0,
				0.0,
				2.0,
				0.0,
				0.0,
				0.0,
				0.0,
				0.0,
				0.0,
				2.0
			],
			"source_node_id" : 5,
			"target_node_id" : 85,
			"transformation" : 
			[
				1.0,
				0.0,
				0.0,
				0.0,
				0.0,
				1.0,
				0.0,
				0.0,
				0.0,
				0.0,
				1.0,
				0.0,
				0.0,
				0.0,
				0.0,
				1.0
			],
			"uncertain" : true,
			"version_major" : 1,
			"version_minor" : 0
		},
		{
			"class_name" : "PoseGraphEdge",
			"confidence" : 1.0,
			"information" : 
			[
				2.0,
				0.0,
				0.0,
				0.0,
				0.0,
				0.0,
				0.0,
				2.0,
				0.0,
				0.0,
				0.0,
				0.0,
				0.0,
				0.0,
				2.0,
				0.0,
				0.0,
				0.0,
				0.0,
				0.0,
				0.0,
				2.0,
				0.0,
				0.0,
				0.0,
				0.0,
				0.0,
				0.0,
				2.0,
				0.0,
				0.0,
				0.0,
				0.0,
				0.0,
				0.0,
				2.0
			],
			"source_node_id" : 5,
			"target_node_id" : 90,
			"transformation" : 
			[
				1.0,
				0.0,
				0.0,
				0.0,
				0.0,
				1.0,
				0.0,
				0.0,
				0.0,
				0.0,
				1.0,
				0.0,
				0.0,
				0.0,
				0.0,
				1.0
			],
			"uncertain" : true,
			"version_major" : 1,
			"version_minor" : 0
		},
		{
			"class_name" : "PoseGraphEdge",
			"confidence" : 1.0,
			"information" : 
			[
				2.0,
				0.0,
				0.0,
				0.0,
				0.0,
				0.0,
				0.0,
				2.0,
				0.0,
				0.0,
				0.0,
				0.0,
				0.0,
				0.0,
				2.0,
				0.0,
				0.0,
				0.0,
				0.0,
				0.0,
				0.0,
				2.0,
				0.0,
				0.0,
				0.0,
				0.0,
				0.0,
				0.0,
				2.0,
				0.0,
				0.0,
				0.0,
				0.0,
				0.0,
				0.0,
				2.0
			],
			"source_node_id" : 5,
			"target_node_id" : 95,
			"transformation" : 
			[
				1.0,
				0.0,
				0.0,
				0.0,
				0.0,
				1.0,
				0.0,
				0.0,
				0.0,
				0.0,
				1.0,
				0.0,
				0.0,
				0.0,
				0.0,
				1.0
			],
			"uncertain" : true,
			"version_major" : 1,
			"version_minor" : 0
		},
		{
			"class_name" : "PoseGraphEdge",
			"confidence" : 1.0,
			"information" : 
			[
				196247.63682325991,
				9524.0340080768838,
				26964.152320708417,
				0.0,
				-72493.892181634903,
				24898.699757307768,
				9524.0340080768838,
				182252.82585939133,
				-60527.476511658846,
				72493.892181634903,
				0.0,
				12170.066861676052,
				26964.152320708417,
				-60527.476511658846,
				29103.586050680256,
				-24898.699757307768,
				-12170.066861676052,
				0.0,
				0.0,
				72493.892181634903,
				-24898.699757307768,
				31101.0,
				0.0,
				0.0,
				-72493.892181634903,
				0.0,
				-12170.066861676052,
				0.0,
				31101.0,
				0.0,
				24898.699757307768,
				12170.066861676052,
				0.0,
				0.0,
				0.0,
				31101.0
			],
			"source_node_id" : 6,
			"target_node_id" : 7,
			"transformation" : 
			[
				0.99996704154853555,
				0.0055872639469350316,
				-0.0058905261442612931,
				0.0,
				-0.00561135320779752,
				0.99997592908340416,
				-0.0040809274631646696,
				0.0,
				0.0058675831350127727,
				0.0041138467848901702,
				0.99997432353675186,
				0.0,
				0.0033237038396512855,
				0.0029036685538632837,
				0.010415832712724449,
				1.0
			],
			"uncertain" : false,
			"version_major" : 1,
			"version_minor" : 0
		},
		{
			"class_name" : "PoseGraphEdge",
			"confidence" : 1.0,
			"information" : 
			[
				193554.40535878189,
				8626.1333561509109,
				24731.669008030796,
				0.0,
				-71668.518959522247,
				24441.130512058735,
				8626.1333561509109,
				179337.58029558955,
				-59392.652502576442,
				71668.518959522247,
				0.0,
				11265.21075193712,
				24731.669008030796,
				-59392.652502576442,
				27831.635403391683,
				-24441.130512058735,
				-11265.21075193712,
				0.0,
				0.0,
				71668.518959522247,
				-24441.130512058735,
				30731.0,
				0.0,
				0.0,
				-71668.518959522247,
				0.0,
				-11265.21075193712,
				0.0,
				30731.0,
				0.0,
				24441.130512058735,
				11265.21075193712,
				0.0,
				0.0,
				0.0,
				30731.0
			],
			"source_node_id" : 7,
			"target_node_id" : 8,
			"transformation" : 
			[
				0.99981220636435075,
				0.011298524227284043,
				-0.015744692919645371,
				0.0,
				-0.01131793083367098,
				0.99993529573734108,
				-0.0011440193707720151,
				0.0,
				0.015730748440322049,
				0.001322001876677061,
				0.99987539016846727,
				0.0,
				-0.0052586330904404767,
				0.0012359068860928097,
				0.010709603233145194,
				1.0
			],
			"uncertain" : false,
			"version_major" : 1,
			"version_minor" : 0
		},
		{
			"class_name" : "PoseGraphEdge",
			"confidence" : 1.0,
			"information" : 
			[
				148504.51446159714,
				5775.8763762646749,
				16373.608927600677,
				0.0,
				-56054.783045291901,
				19396.771010190248,
				5775.8763762646749,
				136526.60479378438,
				-46022.343949888222,
				56054.783045291901,
				0.0,
				7822.5797574409517,
				16373.608927600677,
				-46022.343949888222,
				20981.068465220033,
				-19396.771010190248,
				-7822.5797574409517,
				0.0,
				0.0,
				56054.783045291901,
